0	72
5.69951500000025	73
11.3520590000007	73
16.9826160000011	73
22.6101750000016	73
28.2397330000003	73
33.8690660000011	73
39.5258180000001	73
45.0834200000008	72
56.2453330000008	71
61.8029350000015	70
67.3885200000004	69
72.9555040000014	68
78.5174750000006	67
84.0762279999999	66
89.6338300000007	65
95.1234730000015	63
100.681074	62
106.169989	60
111.729588	59
117.247460000001	57
122.735105000002	55
133.759578000001	52
139.24856	50
144.736204000001	48
150.225847000002	46
161.249105000001	43
166.736749000002	41
172.225645	39
177.714510000002	37
183.204154000001	35
194.230226000001	32
199.744379000002	30
205.233889000001	28
210.794376000002	27
216.283272000001	25
221.840872000001	24
227.328516000001	22
232.886117	21
238.403264	19
243.962236000001	18
249.521835000001	17
255.079436	16
260.639292000002	15
266.198892	14
271.756493000001	13
282.919863000001	12
288.480462000001	11
294.107535000001	11
305.272580000001	10
310.900138000001	10
316.534236000001	10
322.161803000001	10
327.810348000001	10
333.513860000001	11
339.141418000001	11
350.444146000002	12
356.168316000001	13
367.470403000001	14
373.169917000001	15
378.867434000002	16
384.568288	17
390.266861	18
395.964511	19
401.731984	21
407.431498	22
418.874446000002	25
424.571960000001	26
436.016904	29
441.71442	30
447.507876000001	32
453.214385000001	33
458.984467	35
464.683981	36
470.475439000002	38
476.203709000001	39
487.646752000001	42
493.345521000001	43
499.114993000001	45
504.812507000001	46
510.510022	47
516.209536	48
521.909096000001	49
544.630309	53
550.329823	54
556.032562	55
561.730248000002	56
567.361007000001	56
573.058522000001	57
578.688079000001	57
584.385593000001	58
590.015150000001	58
595.644745000001	58
601.299287000002	58
606.927844000002	58
612.556662000001	58
618.191215000001	58
623.818773000001	58
629.44958	58
640.611752000001	57
646.239309000001	57
651.796910000001	56
657.449508000002	56
663.011105000001	55
668.571802	54
674.199360000001	54
679.760877000001	53
685.318478000001	52
690.878077000001	51
696.434678000001	50
701.994902	49
707.577488000001	48
713.139292000002	47
718.696682000002	46
724.256281	45
729.817483000001	44
735.377498000002	43
740.940095	42
746.498793000001	41
752.058392000001	40
757.616991000001	39
763.176590000001	38
768.735657000001	37
774.293257000001	36
785.316840000001	33
802.016837000001	31
807.575455	30
813.135053	29
818.692653	28
824.280236000001	27
835.443542000001	26
841.006068000001	25
852.168239000001	24
874.469919000001	22
880.126459000001	22
885.756015000001	22
891.383572000001	22
897.012252	22
902.670789000002	22
908.298346000001	22
913.929131000001	22
919.560080000001	22
925.190224	22
930.817780000001	22
953.399545	24
959.028504	24
964.727550000001	25
970.425065000001	26
976.078605000001	26
981.777491000001	27
993.079576	28
998.777091	29
1004.475604	30
1010.174399	31
1015.803247	31
1021.504077	32
1027.201591	33
1032.90092	34
1038.601856	35
1044.326354	36
1055.629224	37
1061.326738	38
1067.026252	39
1072.724765	40
1084.026857	41
1089.724372	42
1095.453049	43
1106.756134	44
1112.455647	45
1123.757956	46
1129.457735	47
1135.086817	47
1146.389525	48
1152.019081	48
1157.721132	49
1163.350233	49
1168.97779	49
1174.608345	49
1180.30586	50
1185.936578	50
1191.585035	50
1197.219164	50
1202.84972	50
1208.478277	50
1219.667489	49
1225.297377	49
1230.928175	49
1236.555732	49
1242.113332	48
1247.74089	48
1258.905774	47
1264.53533	47
1270.09293	46
1275.722599	46
1281.282282	45
1286.910839	45
1292.470438	44
1303.657761	43
1309.220358	42
1314.850442	42
1320.409162	41
1325.993745	40
1331.652181	40
1337.21178	39
1348.374948	38
1353.932548	37
1359.563151	37
1365.122002	36
1376.283173	35
1381.840873	34
1387.471428	34
1393.029027	33
1398.662697	33
1404.220993	32
1409.850549	32
1415.409148	31
1421.039702	31
1432.201872	30
1437.83385	30
1448.996647	29
1454.652186	29
1460.279743	29
1465.910298	29
1471.545353	29
1510.797261	29
1516.427349	29
1522.057844	29
1527.6854	29
1533.315955	29
1539.039807	30
1544.678003	30
1550.306559	30
1556.006072	31
1561.635671	31
1567.265227	31
1572.96374	32
1578.594964	32
1589.897048	33
1595.553588	33
1601.2531	34
1606.881657	34
1612.579681	35
1618.208796	35
1623.909496	36
1629.542049	36
1635.242279	37
1640.87747	37
1646.5761	38
1652.206655	38
1657.905167	39
1663.535721	39
1674.83838	40
1680.469589	40
1686.169101	41
1691.796658	41
1703.09974	42
1708.730295	42
1720.05958	43
1725.688136	43
1731.31869	43
1742.620135	44
1748.278672	44
1753.908698	44
1759.541469	44
1765.171024	44
1770.827562	44
1776.458116	44
1782.086672	44
1787.717934	44
1793.346489	44
1798.977476	44
1804.60803	44
1810.235586	44
1815.86614	44
1821.495072	44
1827.15061	44
1838.31078	43
1843.942453	43
1849.571009	43
1860.736528	42
1866.365083	42
1871.995637	42
1877.554577	41
1883.183133	41
1888.814128	41
1894.371727	40
1900.026266	40
1911.187435	39
1916.817989	39
1927.981629	38
1933.614545	38
1939.173143	37
1944.801698	37
1950.469229	37
1956.029922	36
1961.660229	36
1967.290783	36
1972.849381	35
1978.479072	35
1984.109401	35
1995.273904	34
2000.904288	34
2006.534378	34
2012.094974	33
2017.723528	33
2023.355233	33
2028.985077	33
2034.63462	33
2045.802801	32
2051.433354	32
2057.061909	32
2062.729979	32
2068.358903	32
2073.989457	32
2079.618012	32
2085.248565	32
2090.87712	32
2096.507674	32
2102.137083	32
2107.768053	32
2119.071952	33
2124.700507	33
2130.33106	33
2135.960959	33
2141.612501	33
2147.24805	33
2152.947759	34
2158.578313	34
2164.229726	34
2175.562963	35
2181.193517	35
2186.822071	35
2198.126333	36
2203.756165	36
2209.386719	36
2215.085231	37
2220.715264	37
2226.345819	37
2237.651156	38
2243.282388	38
2248.911942	38
2254.609455	39
2260.238009	39
2265.866565	39
2271.495119	39
2282.800479	40
2288.429034	40
2294.087571	40
2299.716125	40
2311.020545	41
2316.653098	41
2322.284651	41
2327.914312	41
2333.544865	41
2339.17342	41
2344.803315	41
2350.457853	41
2356.090406	41
2361.722886	41
2367.351441	41
2372.983229	41
2378.613077	41
2384.24263	41
2389.873184	41
2395.501738	41
2401.132647	41
2406.785188	41
2412.415741	41
2418.046725	41
2423.677685	41
2429.30624	41
2440.474404	40
2446.104957	40
2451.734693	40
2457.363247	40
2462.993553	40
2474.155721	39
2479.787657	39
2485.417731	39
2491.048284	39
2496.606882	38
2502.237436	38
2507.868203	38
2513.496757	38
2524.684885	37
2530.315437	37
2535.945025	37
2541.575579	37
2552.76654	36
2558.396286	36
2564.026839	36
2569.659391	36
2575.317927	36
2580.876524	35
2586.508121	35
2592.137567	35
2597.76812	35
2603.399615	35
2609.030168	35
2614.658722	35
2620.289275	35
2637.05723	34
2642.712708	34
2648.341263	34
2653.971816	34
2659.601445	34
2665.231997	34
2670.860552	34
2676.491105	34
2682.120765	34
2687.749319	34
2704.658359	35
2710.286913	35
2715.942452	35
2721.573744	35
2727.204947	35
2732.835816	35
2738.465743	35
2744.095837	35
2755.398917	36
2761.057453	36
2766.687438	36
2772.316269	36
2777.946823	36
2783.578898	36
2794.882978	37
2800.51162	37
2806.142172	37
2811.771908	37
2817.400461	37
2828.7038	38
2834.335116	38
2839.967473	38
2845.597025	38
2851.248565	38
2856.882201	38
2868.18528	39
2873.816561	39
2879.470099	39
2885.100332	39
2890.730884	39
2896.359437	39
2901.991031	39
2907.620832	39
2941.336609	40
2946.96768	40
2952.598233	40
2958.227787	40
2963.861492	40
2997.440246	39
3003.071905	39
3008.725705	39
3014.358256	39
3019.988809	39
3025.617363	39
3031.271429	39
3036.93496	39
3042.563514	39
3053.728012	38
3059.359364	38
3064.990337	38
3070.61989	38
3076.251489	38
3081.887355	38
3087.515909	38
3098.679074	37
3104.309626	37
3109.93818	37
3115.568031	37
3121.197775	37
3126.827691	37
3132.458753	37
3149.225951	36
3154.856503	36
3160.487056	36
3166.140744	36
3171.771296	36
3177.404847	36
3183.0354	36
3188.666136	36
3194.29469	36
3199.929448	36
3205.558001	36
3211.211852	36
3272.880568	36
3278.51112	36
3284.139674	36
3289.770724	36
3295.4024	36
3301.030954	36
3306.661239	36
3312.290791	36
3317.921344	36
3323.578385	36
3329.20694	36
3334.838491	36
3340.468104	36
3346.099657	36
3363.012493	37
3368.642875	37
3374.272813	37
3379.902894	37
3385.532623	37
3391.163178	37
3396.793057	37
3402.421611	37
3408.052163	37
3413.680716	37
3424.985644	38
3430.616557	38
3436.244876	38
3441.903778	38
3447.532332	38
3453.162439	38
3458.790993	38
3464.448784	38
3470.077337	38
3475.709093	38
3481.337646	38
3486.995569	38
3492.626121	38
3498.254673	38
3576.735128	38
3582.365681	38
3587.994233	38
3593.624785	38
3599.25234	38
3604.885141	38
3610.51619	38
3616.171086	38
3621.799639	38
3627.431191	38
3633.059744	38
3638.690604	38
3644.321156	38
3649.951162	38
3655.579715	38
3661.208268	38
3672.371005	37
3678.000901	37
3683.656363	37
3689.286915	37
3694.91844	37
3700.548993	37
3706.178125	37
3711.807878	37
3717.442343	37
3723.102877	37
3728.732987	37
3734.362988	37
3739.993078	37
3745.622472	37
3767.992773	36
3773.623324	36
3779.254727	36
3784.883281	36
3790.511836	36
3796.14039	36
3801.772025	36
3807.4031	36
3813.034652	36
3818.685366	36
3824.322012	36
3829.950564	36
3835.581117	36
3841.237652	36
3846.866826	36
3852.496956	36
3858.125509	36
3863.756062	36
3869.387173	36
3875.015725	36
3880.646277	36
3886.277616	36
3891.906168	36
3897.536721	36
3903.166621	36
3908.795191	36
3914.451885	36
3920.086641	36
3925.717317	36
3953.831245	37
3959.484835	37
3965.118385	37
3970.772313	37
3976.400866	37
3982.031417	37
3987.65997	37
3993.290091	37
3998.918645	37
4004.548367	37
4010.179621	37
4015.808173	37
4021.438725	37
4027.069909	37
4032.69946	37
4038.330566	37
4043.962679	37
4049.592754	37
4060.902104	38
4066.531656	38
4072.162207	38
4077.815744	38
4083.446296	38
4089.080708	38
4094.713697	38
4100.344248	38
4105.973801	38
4111.604352	38
4117.233985	38
4122.888522	38
4128.523237	38
4134.152933	38
4139.783483	38
4145.413036	38
4151.04295	38
4156.671503	38
4162.304677	38
4167.9355	38
4173.566051	38
4179.221722	38
4184.850274	38
4190.480826	38
4196.110378	38
4201.743279	38
4207.378132	38
4213.006685	38
4218.637237	38
4224.265868	38
4229.896419	38
4235.527465	38
4246.691627	37
4252.32118	37
4257.951731	37
4263.58183	37
4269.212754	37
4274.841306	37
4280.471858	37
4286.128868	37
4291.757421	37
4297.387972	37
4303.016524	37
4308.675464	37
4314.306015	37
4319.932569	37
4325.561697	37
4331.218296	37
4336.845584	37
4342.475308	37
4348.101861	37
4353.731502	37
4359.358055	37
4364.986608	37
4370.618159	37
4376.246989	37
4381.875542	37
4387.528389	37
4393.156943	37
4398.785623	37
4404.413252	37
4410.041578	37
4415.67013	37
4421.296685	37
4426.925237	37
4432.55279	37
4438.182343	37
4449.421775	37
4455.086305	37
4460.715857	37
4477.56904	37
4483.200924	37
