2.832262	39.000000
8.522769	40.000000
14.215276	41.000000
19.906921	42.000000
25.598428	43.000000
36.894338	44.000000
42.586535	45.000000
48.206086	45.000000
53.827637	45.000000
59.518673	46.000000
65.349720	49.000000
71.179143	52.000000
76.941914	54.000000
77.028861	55.000000
82.832300	57.000000
88.593699	59.000000
100.194821	64.000000
105.888328	65.000000
111.649792	67.000000
117.345178	68.000000
123.036024	69.000000
128.726813	70.000000
134.418320	71.000000
140.041882	71.000000
145.733389	72.000000
151.355039	72.000000
156.976589	72.000000
168.131399	71.000000
173.680994	70.000000
179.302544	70.000000
184.853683	69.000000
195.867201	66.000000
201.419793	65.000000
206.899430	63.000000
212.451849	62.000000
217.931487	60.000000
223.411124	58.000000
228.890761	56.000000
239.769327	51.000000
245.250963	49.000000
250.661643	46.000000
256.144338	44.000000
261.555885	41.000000
267.036631	39.000000
272.449561	36.000000
277.889222	33.000000
283.302900	30.000000
288.784536	28.000000
294.194217	25.000000
299.606217	22.000000
310.480543	17.000000
315.890223	14.000000
326.764550	9.000000
561.727808	3.000000
573.233398	7.000000
590.550953	14.000000
596.313482	16.000000
602.072948	18.000000
607.835521	20.000000
613.599983	22.000000
619.360618	24.000000
625.123961	26.000000
630.884677	28.000000
636.644142	30.000000
642.403608	32.000000
648.165073	34.000000
659.599758	37.000000
671.033689	40.000000
676.725196	41.000000
682.414705	42.000000
688.105530	43.000000
693.797277	44.000000
699.486786	45.000000
705.178294	46.000000
710.867802	47.000000
716.489352	47.000000
722.180146	48.000000
727.850666	48.000000
733.475214	48.000000
739.095110	48.000000
744.744177	48.000000
750.367214	48.000000
755.988432	48.000000
761.540025	47.000000
767.159577	47.000000
772.709198	46.000000
778.329783	46.000000
783.880731	45.000000
789.431579	44.000000
794.985204	43.000000
800.534832	42.000000
806.087458	41.000000
811.637279	40.000000
817.186906	39.000000
822.668575	37.000000
828.220842	36.000000
833.770470	35.000000
839.249141	33.000000
844.800767	32.000000
850.280437	30.000000
855.832063	29.000000
861.337364	27.000000
866.888990	26.000000
872.371308	24.000000
883.383616	21.000000
888.863286	19.000000
894.414271	18.000000
899.985730	16.000000
910.998039	13.000000
922.063118	10.000000
927.616742	9.000000
938.632251	6.000000
1112.092966	2.000000
1123.457058	4.000000
1146.241044	9.000000
1151.930585	10.000000
1169.040825	14.000000
1174.734222	15.000000
1180.424866	16.000000
1186.116406	17.000000
1191.875905	19.000000
1197.567445	20.000000
1203.277974	21.000000
1208.973512	22.000000
1220.338830	24.000000
1243.053740	28.000000
1248.744617	29.000000
1254.436158	30.000000
1260.125698	31.000000
1271.420757	32.000000
1277.110299	33.000000
1282.731162	33.000000
1288.422701	34.000000
1294.042858	34.000000
1305.336993	35.000000
1310.957705	35.000000
1316.578666	35.000000
1322.200248	35.000000
1327.819832	35.000000
1333.442006	35.000000
1339.063120	35.000000
1344.736421	35.000000
1355.893946	34.000000
1361.539514	34.000000
1367.093138	33.000000
1372.714720	33.000000
1383.869937	32.000000
1389.423047	31.000000
1395.042630	31.000000
1400.593535	30.000000
1406.145159	29.000000
1417.299063	28.000000
1422.850883	27.000000
1428.402505	26.000000
1433.952131	25.000000
1439.503755	24.000000
1456.194885	22.000000
1461.744510	21.000000
1467.298988	20.000000
1472.848706	19.000000
1478.401330	18.000000
1483.951954	17.000000
1489.503928	16.000000
1495.055552	15.000000
1511.744323	13.000000
1517.297946	12.000000
1533.987013	10.000000
1539.536638	9.000000
1550.690856	8.000000
1561.846485	7.000000
1572.999670	6.000000
1595.361985	5.000000
1662.695795	6.000000
1679.621838	7.000000
1690.915969	8.000000
1702.212098	9.000000
1707.906303	10.000000
1719.198746	11.000000
1724.890284	12.000000
1736.185729	13.000000
1741.875268	14.000000
1753.170642	15.000000
1758.860181	16.000000
1770.155910	17.000000
1775.847186	18.000000
1781.538724	19.000000
1787.167301	19.000000
1792.861078	20.000000
1798.553615	21.000000
1804.178195	21.000000
1809.872106	22.000000
1826.846806	24.000000
1832.469228	24.000000
1843.769238	25.000000
1855.066366	26.000000
1860.690945	26.000000
1871.987858	27.000000
1877.611854	27.000000
1883.236797	27.000000
1900.139574	28.000000
1905.762154	28.000000
1911.412900	28.000000
1917.035479	28.000000
1922.660058	28.000000
1939.445194	27.000000
1945.074713	27.000000
1950.699833	27.000000
1956.352290	27.000000
1961.904913	26.000000
1967.529491	26.000000
1973.153351	26.000000
1978.705973	25.000000
1984.329955	25.000000
1995.487166	24.000000
2001.111743	24.000000
2017.805112	22.000000
2023.429916	22.000000
2028.983537	21.000000
2034.609114	21.000000
2040.161735	20.000000
2045.786313	20.000000
2051.340238	19.000000
2056.964346	19.000000
2062.516968	18.000000
2068.143580	18.000000
2073.696201	17.000000
2084.882758	16.000000
2096.040969	15.000000
2101.689649	15.000000
2112.846860	14.000000
2124.005405	13.000000
2129.627984	13.000000
2140.786559	12.000000
2146.410171	12.000000
2157.568774	11.000000
2163.195044	11.000000
2168.842843	11.000000
2196.820972	10.000000
2202.445549	10.000000
2208.069128	10.000000
2241.784072	11.000000
2247.406651	11.000000
2253.030836	11.000000
2264.330191	12.000000
2269.952769	12.000000
2275.577345	12.000000
2286.877170	13.000000
2292.499748	13.000000
2303.798623	14.000000
2309.442188	14.000000
2320.745124	15.000000
2332.043466	16.000000
2337.693642	16.000000
2348.992311	17.000000
2354.614889	17.000000
2360.309422	18.000000
2365.934538	18.000000
2377.232056	19.000000
2382.857632	19.000000
2394.154755	20.000000
2399.778526	20.000000
2411.076818	21.000000
2416.699396	21.000000
2428.000021	22.000000
2433.624128	22.000000
2439.249237	22.000000
2444.871814	22.000000
2545.763979	22.000000
2551.417537	22.000000
2557.040000	22.000000
2562.686563	22.000000
2573.848767	21.000000
2579.473545	21.000000
2585.099233	21.000000
2596.256439	20.000000
2601.879016	20.000000
2607.503591	20.000000
2613.082534	19.000000
2618.706239	19.000000
2624.329815	19.000000
2635.486186	18.000000
2641.111760	18.000000
2652.268164	17.000000
2657.892789	17.000000
2663.515366	17.000000
2674.677581	16.000000
2680.302945	16.000000
2691.460151	15.000000
2697.082727	15.000000
2702.707303	15.000000
2725.073174	14.000000
2730.698748	14.000000
2736.326322	14.000000
2741.950708	14.000000
2764.317075	13.000000
2769.939652	13.000000
2775.564227	13.000000
2781.187803	13.000000
2786.813248	13.000000
2792.437823	13.000000
2798.065375	13.000000
2803.689951	13.000000
2809.313718	13.000000
2814.960280	13.000000
2837.466950	14.000000
2843.089527	14.000000
2848.714102	14.000000
2854.338130	14.000000
2871.240547	15.000000
2876.864122	15.000000
2882.489696	15.000000
2888.112271	15.000000
2899.411012	16.000000
2905.040915	16.000000
2910.664489	16.000000
2921.961604	17.000000
2927.587302	17.000000
2933.210876	17.000000
2938.834621	17.000000
2944.528154	18.000000
2950.150730	18.000000
2955.773305	18.000000
2961.397320	18.000000
2972.695278	19.000000
2978.319486	19.000000
2983.943202	19.000000
2989.572811	19.000000
3000.870721	20.000000
3006.520280	20.000000
3012.143854	20.000000
3017.768429	20.000000
3023.414989	20.000000
3029.057935	20.000000
3051.565249	21.000000
3057.217806	21.000000
3062.841382	21.000000
3068.467604	21.000000
3074.092351	21.000000
3079.717476	21.000000
3085.343050	21.000000
3090.966625	21.000000
3096.591198	21.000000
3102.215746	21.000000
3107.841320	21.000000
3130.204984	20.000000
3135.831892	20.000000
3141.455466	20.000000
3147.081415	20.000000
3152.706989	20.000000
3158.332789	20.000000
3169.490339	19.000000
3175.113913	19.000000
3180.736487	19.000000
3186.359062	19.000000
3192.005621	19.000000
3208.790994	18.000000
3214.415567	18.000000
3220.039330	18.000000
3225.663904	18.000000
3236.822105	17.000000
3242.445958	17.000000
3248.070650	17.000000
3253.696222	17.000000
3259.342782	17.000000
3276.111894	16.000000
3281.737090	16.000000
3287.362553	16.000000
3292.988761	16.000000
3298.611335	16.000000
3315.372528	15.000000
3320.998100	15.000000
3326.621674	15.000000
3332.245247	15.000000
3337.870051	15.000000
3343.495137	15.000000
3349.119081	15.000000
3354.762642	15.000000
3360.392212	15.000000
3366.017416	15.000000
3371.664976	15.000000
3377.289779	15.000000
3382.914743	15.000000
3388.539937	15.000000
3394.163510	15.000000
3399.788376	15.000000
3405.417022	15.000000
3411.042131	15.000000
3416.666975	15.000000
3422.291709	15.000000
3427.917282	15.000000
3433.540855	15.000000
3450.442776	16.000000
3456.068348	16.000000
3461.692431	16.000000
3467.317253	16.000000
3472.970807	16.000000
3478.594379	16.000000
3484.242937	16.000000
3501.148501	17.000000
3506.775105	17.000000
3512.399506	17.000000
3518.025077	17.000000
3523.649795	17.000000
3529.274367	17.000000
3546.175066	18.000000
3551.823623	18.000000
3557.449841	18.000000
3563.073413	18.000000
3568.696986	18.000000
3574.319559	18.000000
3579.944740	18.000000
3596.845638	19.000000
3602.472297	19.000000
3608.098213	19.000000
3613.721786	19.000000
3619.347357	19.000000
3624.972151	19.000000
3630.596774	19.000000
3636.221345	19.000000
3641.851677	19.000000
3647.474249	19.000000
3653.099822	19.000000
3658.722394	19.000000
3664.347394	19.000000
3669.972788	19.000000
3675.595362	19.000000
3681.220932	19.000000
3686.849825	19.000000
3692.475398	19.000000
3698.100472	19.000000
3703.752309	19.000000
3709.375882	19.000000
3715.001453	19.000000
3720.625026	19.000000
3726.250597	19.000000
3731.876634	19.000000
3737.500206	19.000000
3743.125778	19.000000
3759.889583	18.000000
3765.516243	18.000000
3771.143812	18.000000
3776.768483	18.000000
3782.394053	18.000000
3788.017626	18.000000
3793.643197	18.000000
3804.802666	17.000000
3810.426238	17.000000
3816.051809	17.000000
3821.679375	17.000000
3827.304946	17.000000
3832.928518	17.000000
3838.553287	17.000000
3849.711485	16.000000
3855.337056	16.000000
3860.960628	16.000000
3866.591045	16.000000
3872.239958	16.000000
3877.862531	16.000000
3883.510566	16.000000
3889.138135	16.000000
3911.505564	15.000000
3917.157119	15.000000
3922.783062	15.000000
3928.406634	15.000000
3934.030206	15.000000
3939.655135	15.000000
3945.279527	15.000000
3950.904383	15.000000
3956.527954	15.000000
3962.151527	15.000000
3967.776228	15.000000
3973.399800	15.000000
3979.026607	15.000000
3984.649180	15.000000
3990.275507	15.000000
3995.900192	15.000000
4001.526803	15.000000
4007.150373	15.000000
4035.259527	16.000000
4040.886244	16.000000
4046.511345	16.000000
4052.159901	16.000000
4057.809457	16.000000
4063.433162	16.000000
4069.056734	16.000000
4074.680305	16.000000
4097.187941	17.000000
4102.811512	17.000000
4108.438529	17.000000
4114.063628	17.000000
4119.712460	17.000000
4125.341458	17.000000
4130.967028	17.000000
4147.867723	18.000000
4153.494540	18.000000
4159.119110	18.000000
4164.744680	18.000000
4170.369403	18.000000
4175.992973	18.000000
4181.618803	18.000000
4187.243579	18.000000
4192.868149	18.000000
4198.493718	18.000000
4204.138276	18.000000
4232.258052	19.000000
4237.884459	19.000000
4243.507785	19.000000
4249.157340	19.000000
4254.782282	19.000000
4260.407073	19.000000
4266.031953	19.000000
4271.655524	19.000000
4277.279094	19.000000
4282.904664	19.000000
4288.528235	19.000000
4294.155108	19.000000
4327.730542	18.000000
4333.354113	18.000000
4338.979682	18.000000
4344.603253	18.000000
4350.231810	18.000000
4355.855380	18.000000
4361.508272	18.000000
4367.133526	18.000000
4372.783081	18.000000
4378.410649	18.000000
4384.036218	18.000000
4389.659314	18.000000
4406.421367	17.000000
4412.043938	17.000000
4417.670506	17.000000
4423.296452	17.000000
4428.945006	17.000000
4434.571022	17.000000
4440.196591	17.000000
4445.822515	17.000000
4451.446084	17.000000
4457.071653	17.000000
4462.695224	17.000000
4468.323874	17.000000
4473.947445	17.000000
4479.574197	17.000000
4535.562003	16.000000
4541.187100	16.000000
4546.814106	16.000000
4558.043706	16.000000
4608.575153	17.000000
4614.199849	17.000000
4619.824419	17.000000
4625.447989	17.000000
4631.073558	17.000000
4636.697129	17.000000
4642.323845	17.000000
4647.950027	17.000000
4653.578675	17.000000
4659.204244	17.000000
4664.829117	17.000000
4670.452686	17.000000
4676.102450	17.000000
4681.726019	17.000000
4687.352586	17.000000
4692.976156	17.000000
4715.484454	18.000000
4721.108022	18.000000
4726.733493	18.000000
4732.359062	18.000000
4737.982178	18.000000
4743.610909	18.000000
4749.235830	18.000000
4754.859399	18.000000
4760.484967	18.000000
4766.109536	18.000000
4771.735104	18.000000
4777.359672	18.000000
4782.989584	18.000000
4788.624898	18.000000
4794.251061	18.000000
4799.876629	18.000000
4805.500199	18.000000
4811.125767	18.000000
4816.750482	18.000000
4822.376050	18.000000
4828.002030	18.000000
4833.653021	18.000000
4839.276590	18.000000
4844.929135	18.000000
4850.557858	18.000000
4856.183425	18.000000
4861.834978	18.000000
4867.460072	18.000000
4873.086095	18.000000
4878.710848	18.000000
4884.336416	18.000000
4889.960229	18.000000
4895.585797	18.000000
4901.209366	18.000000
4906.834836	18.000000
4912.458406	18.000000
4918.085108	18.000000
4923.709880	18.000000
4929.333449	18.000000
4934.959017	18.000000
4940.583586	18.000000
4946.209154	18.000000
4951.834887	18.000000
4957.459698	18.000000
4963.088805	18.000000
4991.059381	17.000000
4996.684949	17.000000
5002.357487	17.000000
5007.982621	17.000000
5013.606190	17.000000
5019.229758	17.000000
5024.854725	17.000000
5030.480292	17.000000
5036.103861	17.000000
5041.729428	17.000000
5047.376982	17.000000
5053.005582	17.000000
5058.631127	17.000000
5064.257474	17.000000
5069.882065	17.000000
5075.507632	17.000000
5081.131201	17.000000
5086.757796	17.000000
5092.381365	17.000000
5098.007370	17.000000
5103.632938	17.000000
5109.256506	17.000000
5114.882074	17.000000
5120.526629	17.000000
5126.156194	17.000000
5131.781338	17.000000
5137.406075	17.000000
5143.054628	17.000000
5148.679733	17.000000
5154.305300	17.000000
5159.928869	17.000000
5165.554245	17.000000
5171.179813	17.000000
5176.803381	17.000000
5182.428051	17.000000
5188.053619	17.000000
5193.680107	17.000000
5199.303676	17.000000
5204.927535	17.000000
5210.553051	17.000000
5216.177619	17.000000
5221.803186	17.000000
5227.456017	17.000000
5233.079586	17.000000
5238.730378	17.000000
5244.358943	17.000000
5249.984510	17.000000
5255.608079	17.000000
5261.233646	17.000000
5266.858806	17.000000
5272.483026	17.000000
5278.108593	17.000000
5283.732161	17.000000
5289.381713	17.000000
5295.005280	17.000000
5300.630848	17.000000
5345.552770	18.000000
5351.176338	18.000000
5356.799906	18.000000
5362.425631	18.000000
5368.049199	18.000000
5373.674767	18.000000
5379.299654	18.000000
5384.923223	18.000000
5390.548242	18.000000
5396.171810	18.000000
5401.800444	18.000000
5407.426011	18.000000
5413.050710	18.000000
5418.676276	18.000000
5424.299844	18.000000
5429.926937	18.000000
5435.552026	18.000000
5441.177594	18.000000
5446.807000	18.000000
5452.432566	18.000000
5458.056134	18.000000
5463.681702	18.000000
5469.330292	18.000000
5474.958420	18.000000
5480.583309	18.000000
5486.208875	18.000000
5491.833546	18.000000
5497.459114	18.000000
5503.082682	18.000000
5508.711242	18.000000
5514.335809	18.000000
5519.963885	18.000000
5525.589451	18.000000
5531.213020	18.000000
5536.838018	18.000000
5564.879114	18.000000
5587.245764	17.000000
5609.682067	17.000000
5615.305637	17.000000
5620.932424	17.000000
5626.557103	17.000000
5632.183610	17.000000
5637.807177	17.000000
5643.435080	17.000000
5649.061184	17.000000
5654.686018	17.000000
5660.310134	17.000000
5665.936817	17.000000
5671.588162	17.000000
5677.237249	17.000000
5682.864813	17.000000
5688.548133	17.000000
5694.201153	17.000000
5699.824719	17.000000
5705.450285	17.000000
5711.074890	17.000000
5716.700455	17.000000
5722.325022	17.000000
5727.951745	17.000000
5733.575311	17.000000
5739.200877	17.000000
5744.824444	17.000000
5750.449275	17.000000
5756.074234	17.000000
5761.701092	17.000000
5767.325734	17.000000
5772.949302	17.000000
5778.572868	17.000000
5784.196435	17.000000
5789.823095	17.000000
5795.447907	17.000000
5801.072632	17.000000
5806.698197	17.000000
5812.372152	17.000000
5817.997717	17.000000
5823.625378	17.000000
5829.250468	17.000000
5834.875173	17.000000
5840.500739	17.000000
5846.126463	17.000000
5851.751029	17.000000
5857.398582	17.000000
5863.029145	17.000000
5868.653417	17.000000
5874.279982	17.000000
5879.903548	17.000000
5885.530214	17.000000
5891.159329	17.000000
5896.783895	17.000000
5902.409723	17.000000
5908.036288	17.000000
5913.664160	17.000000
5919.289725	17.000000
5924.913291	17.000000
5930.560379	17.000000
5936.190308	17.000000
5941.816873	17.000000
5947.441438	17.000000
5953.067004	17.000000
5958.714555	17.000000
5964.340121	17.000000
5969.964478	17.000000
5975.591195	17.000000
5981.216310	17.000000
5986.839876	17.000000
5992.465345	17.000000
5998.089911	17.000000
6003.715475	17.000000
6009.340079	17.000000
6014.965645	17.000000
6020.590416	17.000000
6026.213982	17.000000
6031.842455	17.000000
6037.496003	17.000000
6043.121838	17.000000
6048.769367	17.000000
6054.399930	17.000000
6060.023496	17.000000
6065.650224	17.000000
6071.273387	17.000000
6076.898234	17.000000
6082.521801	17.000000
6088.147366	17.000000
6093.770932	17.000000
6099.421482	17.000000
6105.046048	17.000000
6110.672463	17.000000
6116.297029	17.000000
6121.922594	17.000000
6127.547159	17.000000
6133.173724	17.000000
6138.798289	17.000000
6144.424652	17.000000
6150.050444	17.000000
6155.677633	17.000000
6161.303197	17.000000
6166.927763	17.000000
6172.557764	17.000000
6178.183329	17.000000
6183.809155	17.000000
6189.433720	17.000000
6195.061441	17.000000
6200.685007	17.000000
6206.311570	17.000000
6211.936136	17.000000
6217.567847	17.000000
6223.192413	17.000000
6228.817770	17.000000
6234.442334	17.000000
6240.068943	17.000000
6245.716494	17.000000
6251.344190	17.000000
6256.967756	17.000000
6262.594320	17.000000
6268.218885	17.000000
6273.847762	17.000000
6279.474326	17.000000
6285.099881	17.000000
6290.729314	17.000000
6296.353880	17.000000
6301.982801	17.000000
6307.606368	17.000000
6313.230933	17.000000
6318.856497	17.000000
6324.482254	17.000000
6330.107081	17.000000
6335.731647	17.000000
6341.355212	17.000000
6346.980777	17.000000
6352.605517	17.000000
6358.230386	17.000000
6363.856951	17.000000
6369.481341	17.000000
6375.105060	17.000000
6380.728626	17.000000
6386.378176	17.000000
6392.031439	17.000000
6397.660001	17.000000
6403.286565	17.000000
6408.939116	17.000000
6414.566895	17.000000
6420.191460	17.000000
6425.817245	17.000000
6431.443810	17.000000
6437.068375	17.000000
6442.694938	17.000000
6448.319504	17.000000
6453.946068	17.000000
6459.574063	17.000000
6465.199626	17.000000
6470.826122	17.000000
6476.450687	17.000000
6482.077250	17.000000
6487.701815	17.000000
6493.328378	17.000000
6498.954182	17.000000
6504.579948	17.000000
6510.205512	17.000000
6515.832670	17.000000
6521.457234	17.000000
6527.108782	17.000000
6532.772816	17.000000
6538.397381	17.000000
6544.023944	17.000000
6549.649724	17.000000
6555.276287	17.000000
6560.900852	17.000000
6566.526593	17.000000
6572.176142	17.000000
6577.804706	17.000000
6583.432267	17.000000
6589.056831	17.000000
6594.680363	17.000000
6600.303254	17.000000
6605.926818	17.000000
6611.548385	17.000000
6617.171950	17.000000
6622.793518	17.000000
6628.418081	17.000000
6634.041194	17.000000
6639.664188	17.000000
6645.306742	17.000000
6650.935224	17.000000
6656.556790	17.000000
6662.180356	17.000000
6667.801939	17.000000
6740.768437	18.000000
6746.392002	18.000000
6774.436948	18.000000
6824.819278	17.000000
6830.442843	17.000000
6836.066747	17.000000
6841.688313	17.000000
6847.311141	17.000000
6852.936704	17.000000
6858.565382	17.000000
6864.190945	17.000000
6869.818507	17.000000
6875.446247	17.000000
6881.074587	17.000000
6886.728134	17.000000
6892.356099	17.000000
6898.005870	17.000000
6903.635431	17.000000
6909.259995	17.000000
6914.886753	17.000000
6920.512317	17.000000
6926.139879	17.000000
6931.764443	17.000000
6937.414991	17.000000
6943.040991	17.000000
6948.665556	17.000000
6954.292422	17.000000
6959.916986	17.000000
6965.541550	17.000000
6971.167527	17.000000
6976.792091	17.000000
6982.418653	17.000000
6988.045667	17.000000
6993.673143	17.000000
6999.298707	17.000000
7004.924270	17.000000
7010.551833	17.000000
7016.177154	17.000000
7021.809941	17.000000
7027.435504	17.000000
7033.064198	17.000000
7038.688762	17.000000
7044.313326	17.000000
7049.937891	17.000000
7055.589638	17.000000
7061.217200	17.000000
7066.846762	17.000000
7072.474251	17.000000
7078.100853	17.000000
7083.728415	17.000000
7089.353978	17.000000
7094.980266	17.000000
7100.607826	17.000000
7106.233389	17.000000
7111.860466	17.000000
7117.490030	17.000000
7123.116697	17.000000
7128.745130	17.000000
7134.370981	17.000000
7140.000541	17.000000
7145.628101	17.000000
7151.253664	17.000000
7156.881226	17.000000
7162.509259	17.000000
7168.134821	17.000000
7173.787367	17.000000
7179.412930	17.000000
7185.040491	17.000000
7190.665053	17.000000
7196.290840	17.000000
7201.916402	17.000000
7207.543149	17.000000
7213.169710	17.000000
7218.796799	17.000000
7224.421362	17.000000
7230.048221	17.000000
7235.678634	17.000000
7241.328725	17.000000
7246.960285	17.000000
7252.586854	17.000000
7258.242398	17.000000
7263.867961	17.000000
7269.494769	17.000000
7275.122330	17.000000
7280.746893	17.000000
7286.374454	17.000000
7292.025002	17.000000
7297.653756	17.000000
7303.280530	17.000000
7308.906092	17.000000
7314.533211	17.000000
7320.160772	17.000000
7325.786335	17.000000
7331.413895	17.000000
7337.040976	17.000000
7342.667638	17.000000
7348.295200	17.000000
7353.922735	17.000000
7359.549833	17.000000
7365.177394	17.000000
7370.804172	17.000000
7376.455925	17.000000
7382.084249	17.000000
7387.709811	17.000000
7393.337372	17.000000
7398.961934	17.000000
7404.589009	17.000000
7410.246806	17.000000
7421.476465	17.000000
7427.126126	17.000000
7432.755686	17.000000
7438.381531	17.000000
7449.614235	17.000000
7455.239798	17.000000
7528.117850	17.000000
7539.347986	17.000000
7567.394442	17.000000
7573.020003	17.000000
7589.853951	17.000000
7595.483487	17.000000
7601.109049	17.000000
7606.737757	17.000000
7612.383307	17.000000
7618.013997	17.000000
7623.639558	17.000000
7629.265120	17.000000
7634.890205	17.000000
7640.516767	17.000000
7646.143554	17.000000
7651.794638	17.000000
7657.422197	17.000000
7663.047760	17.000000
7668.675320	17.000000
7674.300783	17.000000
7679.928343	17.000000
7685.555206	17.000000
7691.182014	17.000000
7696.809574	17.000000
7702.435134	17.000000
7708.062695	17.000000
7713.691358	17.000000
7719.347422	17.000000
7724.974311	17.000000
7730.625380	17.000000
7736.257591	17.000000
7753.091663	17.000000
7758.718447	17.000000
7982.907444	17.000000
7999.740793	17.000000
8005.368352	17.000000
8011.018898	17.000000
8016.646457	17.000000
8022.272017	17.000000
8027.899577	17.000000
8033.525137	17.000000
8039.153405	17.000000
8044.782609	17.000000
8050.409693	17.000000
8056.048245	17.000000
