0.380766	4.000000
12.124943	5.000000
17.827435	5.000000
23.751810	6.000000
29.532929	7.000000
35.182031	7.000000
40.885541	8.000000
46.616033	9.000000
52.313746	10.000000
58.013294	11.000000
63.741788	12.000000
69.695146	13.000000
75.399423	14.000000
81.260505	15.000000
92.915302	18.000000
98.612991	19.000000
104.350480	20.000000
115.791479	23.000000
127.163386	25.000000
132.931855	27.000000
138.628369	28.000000
144.328034	29.000000
150.027033	30.000000
161.470664	33.000000
167.169746	34.000000
172.867260	35.000000
178.563773	36.000000
184.266283	37.000000
189.965364	38.000000
195.662973	39.000000
201.361014	40.000000
212.663616	41.000000
218.360129	42.000000
223.987990	42.000000
229.686539	43.000000
235.313096	43.000000
241.010608	44.000000
246.637165	44.000000
252.263721	44.000000
263.566024	45.000000
269.193882	45.000000
274.856837	45.000000
286.018006	44.000000
291.668547	44.000000
297.300344	44.000000
302.856944	43.000000
308.486498	43.000000
319.650548	42.000000
325.212142	41.000000
330.842816	41.000000
336.399415	40.000000
341.956014	39.000000
347.512613	38.000000
353.139169	38.000000
358.697767	37.000000
364.256667	36.000000
369.813266	35.000000
375.369865	34.000000
380.926526	33.000000
386.484436	32.000000
392.043034	31.000000
397.599633	30.000000
403.159522	29.000000
408.717286	28.000000
414.273885	27.000000
419.832482	26.000000
425.389082	25.000000
436.482220	23.000000
442.040347	22.000000
447.630310	21.000000
453.188002	20.000000
458.744599	19.000000
464.333179	18.000000
469.892948	17.000000
475.451777	16.000000
486.640927	15.000000
492.197526	14.000000
497.757308	13.000000
503.385085	13.000000
508.943505	12.000000
514.572059	12.000000
520.128658	11.000000
525.757212	11.000000
536.920125	10.000000
542.549084	10.000000
548.177638	10.000000
553.804194	10.000000
564.967527	9.000000
576.269274	10.000000
581.897145	10.000000
587.548685	10.000000
593.175241	10.000000
604.474323	11.000000
610.101996	11.000000
615.798509	12.000000
621.427063	12.000000
627.126107	13.000000
632.752663	13.000000
638.451175	14.000000
644.148872	15.000000
649.777427	15.000000
655.473939	16.000000
661.172451	17.000000
672.474663	18.000000
678.209355	19.000000
683.907867	20.000000
689.607701	21.000000
700.936766	22.000000
706.633278	23.000000
718.006890	25.000000
723.703403	26.000000
729.354943	26.000000
735.051455	27.000000
740.747968	28.000000
746.446480	29.000000
752.073604	29.000000
757.771319	30.000000
763.467832	31.000000
769.096386	31.000000
774.792900	32.000000
780.491411	33.000000
786.118435	33.000000
791.817171	34.000000
797.449807	34.000000
808.752745	35.000000
814.379301	35.000000
820.077291	36.000000
825.705845	36.000000
831.333399	36.000000
836.961954	36.000000
842.588509	36.000000
870.634660	36.000000
876.282203	36.000000
881.913755	36.000000
887.542310	36.000000
893.203279	36.000000
898.761876	35.000000
904.388432	35.000000
910.016986	35.000000
915.578581	34.000000
921.249007	34.000000
932.410832	33.000000
943.573119	32.000000
954.735339	31.000000
960.293219	30.000000
965.919774	30.000000
971.478371	29.000000
977.104927	29.000000
982.662785	28.000000
993.826415	27.000000
999.383013	26.000000
1005.010567	26.000000
1010.567166	25.000000
1027.262198	23.000000
1032.894157	23.000000
1038.455868	22.000000
1049.617656	21.000000
1055.176253	20.000000
1060.803807	20.000000
1071.965492	19.000000
1077.594046	19.000000
1083.150644	18.000000
1088.779198	18.000000
1094.405752	18.000000
1099.965623	17.000000
1105.593510	17.000000
1111.222111	17.000000
1122.417257	16.000000
1128.045811	16.000000
1133.673581	16.000000
1139.324122	16.000000
1144.957672	16.000000
1150.584228	16.000000
1156.213799	16.000000
1161.844895	16.000000
1167.476448	16.000000
1173.105340	16.000000
1178.727897	16.000000
1190.028978	17.000000
1195.655532	17.000000
1201.285399	17.000000
1212.591649	18.000000
1218.218204	18.000000
1229.519309	19.000000
1235.145864	19.000000
1240.843682	20.000000
1246.467515	20.000000
1252.161031	21.000000
1257.787584	21.000000
1269.084667	22.000000
1280.388555	23.000000
1302.966106	25.000000
1314.265451	26.000000
1319.888009	26.000000
1325.583522	27.000000
1331.207241	27.000000
1336.960719	28.000000
1342.585274	28.000000
1348.278961	29.000000
1353.903279	29.000000
1359.527835	29.000000
1365.221930	30.000000
1370.868472	30.000000
1376.497171	30.000000
1382.192954	31.000000
1387.816510	31.000000
1393.441066	31.000000
1404.739312	32.000000
1410.362685	32.000000
1415.987496	32.000000
1421.616324	32.000000
1427.239880	32.000000
1432.865436	32.000000
1438.487992	32.000000
1444.113547	32.000000
1449.737506	32.000000
1455.361063	32.000000
1461.011602	32.000000
1466.635493	32.000000
1472.260814	32.000000
1477.884370	32.000000
1483.544174	32.000000
1489.169729	32.000000
1494.723328	31.000000
1500.348883	31.000000
1505.973531	31.000000
1511.599084	31.000000
1522.759049	30.000000
1528.389601	30.000000
1534.014618	30.000000
1539.570215	29.000000
1545.193772	29.000000
1550.820536	29.000000
1556.375403	28.000000
1562.039935	28.000000
1567.665490	28.000000
1573.220088	27.000000
1578.847771	27.000000
1584.491315	27.000000
1590.057163	26.000000
1595.688375	26.000000
1606.846542	25.000000
1612.470098	25.000000
1618.093655	25.000000
1645.997324	23.000000
1651.622100	23.000000
1657.280561	23.000000
1662.907475	23.000000
1674.064836	22.000000
1679.690391	22.000000
1685.318529	22.000000
1690.942085	22.000000
1696.568766	22.000000
1702.192322	22.000000
1730.162845	21.000000
1735.786401	21.000000
1758.294543	22.000000
1763.921839	22.000000
1769.547393	22.000000
1775.194668	22.000000
1780.824221	22.000000
1786.447777	22.000000
1792.073332	22.000000
1803.371592	23.000000
1808.995147	23.000000
1814.621743	23.000000
1820.249296	23.000000
1825.874851	23.000000
1865.261485	25.000000
1870.886316	25.000000
1876.509872	25.000000
1882.177487	25.000000
1887.803042	25.000000
1893.497912	26.000000
1899.123467	26.000000
1904.749252	26.000000
1910.372808	26.000000
1915.998363	26.000000
1927.296445	27.000000
1932.920000	27.000000
1938.544946	27.000000
1944.173499	27.000000
1949.798184	27.000000
1955.423425	27.000000
1966.721505	28.000000
1972.347059	28.000000
1977.971930	28.000000
1983.595486	28.000000
1989.221040	28.000000
1994.845638	28.000000
2000.470880	28.000000
2006.097433	28.000000
2011.721901	28.000000
2017.347456	28.000000
2022.971011	28.000000
2028.596566	28.000000
2034.253151	28.000000
2039.902690	28.000000
2045.531550	28.000000
2051.155106	28.000000
2056.782214	28.000000
2062.407768	28.000000
2068.035322	28.000000
2073.660252	28.000000
2079.285445	28.000000
2084.910999	28.000000
2090.534555	28.000000
2101.694932	27.000000
2107.320025	27.000000
2112.944743	27.000000
2118.572598	27.000000
2124.198894	27.000000
2129.824449	27.000000
2135.447750	27.000000
2141.003347	26.000000
2146.626903	26.000000
2152.253677	26.000000
2157.877233	26.000000
2163.502787	26.000000
2169.127536	26.000000
2180.285406	25.000000
2185.951166	25.000000
2191.577793	25.000000
2197.230607	25.000000
2202.854162	25.000000
2208.477718	25.000000
2275.605670	23.000000
2281.229227	23.000000
2286.855779	23.000000
2292.504551	23.000000
2298.133251	23.000000
2303.758806	23.000000
2309.382361	23.000000
2315.007691	23.000000
2320.631248	23.000000
2326.258055	23.000000
2331.881610	23.000000
2337.507165	23.000000
2343.131875	23.000000
2348.755430	23.000000
2354.379785	23.000000
2360.007963	23.000000
2365.631519	23.000000
2371.255075	23.000000
2444.298181	25.000000
2449.921736	25.000000
2455.579271	25.000000
2461.202826	25.000000
2466.827632	25.000000
2472.453187	25.000000
2478.077830	25.000000
2494.984458	26.000000
2500.670224	26.000000
2506.293780	26.000000
2511.919334	26.000000
2517.547470	26.000000
2523.172096	26.000000
2528.797650	26.000000
2534.422715	26.000000
2545.720795	27.000000
2551.344350	27.000000
2556.998799	27.000000
2562.623580	27.000000
2568.248319	27.000000
2573.873873	27.000000
2579.517416	27.000000
2585.146967	27.000000
2590.771521	27.000000
2596.397075	27.000000
2602.022539	27.000000
2607.647929	27.000000
2613.314458	27.000000
2618.938717	27.000000
2624.563272	27.000000
2630.186827	27.000000
2635.812380	27.000000
2641.437329	27.000000
2647.062882	27.000000
2652.687536	27.000000
2658.311090	27.000000
2663.936645	27.000000
2669.560200	27.000000
2675.186781	27.000000
2680.810336	27.000000
2686.435890	27.000000
2692.060745	27.000000
2697.707370	27.000000
2703.336921	27.000000
2708.961714	27.000000
2720.121266	26.000000
2725.744821	26.000000
2731.369910	26.000000
2736.996284	26.000000
2742.624012	26.000000
2748.248828	26.000000
2753.875602	26.000000
2759.531137	26.000000
2765.156692	26.000000
2770.780247	26.000000
2787.545559	25.000000
2793.171114	25.000000
2798.794783	25.000000
2804.417338	25.000000
2810.042892	25.000000
2815.667657	25.000000
2821.293211	25.000000
2826.918013	25.000000
2832.541567	25.000000
2838.171119	25.000000
2843.796762	25.000000
2849.423558	25.000000
2967.128294	25.000000
2972.753383	25.000000
2978.376703	25.000000
2984.000258	25.000000
2989.625215	25.000000
2995.250768	25.000000
3000.874323	25.000000
3006.500028	25.000000
3012.125108	25.000000
3023.426043	26.000000
3029.091667	26.000000
3034.716220	26.000000
3040.342862	26.000000
3045.990402	26.000000
3057.292783	27.000000
3062.917744	27.000000
3068.543299	27.000000
3074.166853	27.000000
3079.799168	27.000000
3085.494751	28.000000
3091.121469	28.000000
3096.747470	28.000000
3102.371026	28.000000
3107.996579	28.000000
3119.294659	29.000000
3124.918214	29.000000
3130.543104	29.000000
3136.169699	29.000000
3141.793253	29.000000
3153.091331	30.000000
3158.716320	30.000000
3164.341363	30.000000
3169.966917	30.000000
3175.590471	30.000000
3186.889894	31.000000
3203.686577	30.000000
3214.702827	27.000000
3230.556746	13.000000
3336.855621	10.000000
3336.974548	11.000000
3337.056499	12.000000
3378.749185	47.000000
3383.043580	28.000000
3387.337950	9.000000
3415.309170	8.000000
3415.424099	9.000000
3422.512756	30.000000
3436.685125	72.000000
3436.776070	73.000000
3485.196276	44.000000
3522.062865	10.000000
3529.087561	30.000000
3543.049125	69.000000
3616.410463	76.000000
3621.411867	67.000000
3636.281756	39.000000
3641.279187	30.000000
3651.175658	11.000000
3656.171072	2.000000
3712.511505	6.000000
3718.877606	16.000000
3725.227071	26.000000
3731.487235	35.000000
3737.812358	45.000000
3756.469088	71.000000
3762.655666	79.000000
3958.858731	78.000000
3964.062542	72.000000
3969.267846	66.000000
3984.838465	48.000000
3990.042277	42.000000
4000.363060	29.000000
4005.566328	23.000000
4010.772138	17.000000
4015.977222	11.000000
4116.237089	2.000000
4122.282042	8.000000
4134.307672	19.000000
4146.308046	30.000000
4152.283384	35.000000
4158.256724	40.000000
4164.233803	45.000000
4193.747217	66.000000
4199.656595	70.000000
4205.490021	73.000000
4211.358425	76.000000
4217.193114	79.000000
4318.158382	0.000000
4323.643060	78.000000
4329.128699	76.000000
4334.543381	73.000000
4339.957063	70.000000
4345.372745	67.000000
4377.614563	47.000000
4383.030244	44.000000
4388.373623	40.000000
4393.719348	36.000000
4399.063074	32.000000
4409.802673	25.000000
4415.147599	21.000000
4420.491683	17.000000
4425.836648	13.000000
4431.250330	10.000000
4436.594055	6.000000
4441.942778	2.000000
4689.447092	3.000000
4706.842902	11.000000
4712.677326	14.000000
4718.513880	17.000000
4724.351325	20.000000
4730.229722	23.000000
4735.993191	25.000000
4741.829099	28.000000
4747.592566	30.000000
4753.427989	33.000000
4759.192456	35.000000
4764.960835	37.000000
4770.726301	39.000000
4776.491014	41.000000
4782.255870	43.000000
4788.021337	45.000000
4793.714848	46.000000
4799.481314	48.000000
4894.769367	48.000000
4900.322963	47.000000
4905.907079	46.000000
4916.927395	43.000000
4922.411035	41.000000
4927.966629	40.000000
4933.450268	38.000000
4938.935104	36.000000
4944.420742	34.000000
4949.975572	33.000000
4955.459212	31.000000
4960.945849	29.000000
4966.463655	27.000000
4971.947294	25.000000
4977.432931	23.000000
5026.632040	5.000000
5032.115679	3.000000
5037.625302	1.000000
5256.340955	3.000000
5267.779683	6.000000
5273.545091	8.000000
5279.238601	9.000000
5285.003068	11.000000
5290.793758	13.000000
5296.493263	14.000000
5302.258016	16.000000
5313.696005	19.000000
5319.392513	20.000000
5325.158466	22.000000
5330.853975	23.000000
5336.620854	25.000000
5342.314364	26.000000
5348.010872	27.000000
5365.123475	31.000000
5370.819515	32.000000
5382.118772	33.000000
5387.815415	34.000000
5393.549900	35.000000
5399.176451	35.000000
5404.875281	36.000000
5410.498834	36.000000
5421.802212	37.000000
5427.427478	37.000000
5433.051031	37.000000
5438.696841	37.000000
5444.323895	37.000000
5449.947449	37.000000
5455.501044	36.000000
5461.127595	36.000000
5466.777920	36.000000
5472.336513	35.000000
5477.961314	35.000000
5483.515289	34.000000
5489.074924	33.000000
5500.234083	32.000000
5505.787621	31.000000
5511.343533	30.000000
5516.899127	29.000000
5522.452724	28.000000
5528.009317	27.000000
5533.562913	26.000000
5539.118507	25.000000
5555.703783	21.000000
5561.258377	20.000000
5566.814791	19.000000
5572.392372	18.000000
5588.949795	14.000000
5594.504390	13.000000
5600.061060	12.000000
5605.617009	11.000000
5611.173128	10.000000
5622.191690	7.000000
5633.281250	5.000000
5649.974517	3.000000
5655.528113	2.000000
5661.172653	1.000000
5795.688038	1.000000
5801.313590	1.000000
5807.008371	2.000000
5812.701882	3.000000
5818.397390	4.000000
5824.051126	4.000000
5829.748768	5.000000
5835.443278	6.000000
5841.138787	7.000000
5846.834087	8.000000
5852.527597	9.000000
5858.268334	10.000000
5880.916728	13.000000
5886.613236	14.000000
5892.306746	15.000000
5898.003386	16.000000
5903.697896	17.000000
5909.395436	18.000000
5915.090478	19.000000
5920.715030	19.000000
5926.410347	20.000000
5932.105171	21.000000
5937.800679	22.000000
5943.424232	22.000000
5949.120740	23.000000
5966.096714	25.000000
5971.722796	25.000000
5983.020871	26.000000
5988.645525	26.000000
5999.946022	27.000000
6005.570574	27.000000
6011.196126	27.000000
6016.824676	27.000000
6022.450227	27.000000
6028.073780	27.000000
6033.701590	27.000000
6039.359168	27.000000
6044.986719	27.000000
6050.611421	27.000000
6061.770581	26.000000
6067.394134	26.000000
6078.553636	25.000000
6084.178926	25.000000
6100.870671	23.000000
6106.497889	23.000000
6112.051485	22.000000
6123.209645	21.000000
6128.765476	20.000000
6134.391028	20.000000
6139.949089	19.000000
6145.502685	18.000000
6151.128236	18.000000
6156.681832	17.000000
6162.265410	16.000000
6173.423872	15.000000
6178.980112	14.000000
6190.139271	13.000000
6195.695865	12.000000
6206.857386	11.000000
6212.413109	10.000000
6218.038223	10.000000
6223.634792	9.000000
6234.794123	8.000000
6240.350231	7.000000
6245.976174	7.000000
6257.134335	6.000000
6262.760069	6.000000
6268.314664	5.000000
6273.964201	5.000000
6279.593874	5.000000
6290.751842	4.000000
6296.378392	4.000000
6302.002945	4.000000
6307.631752	4.000000
6313.281604	4.000000
6318.906156	4.000000
6324.532707	4.000000
6330.157249	4.000000
6335.783326	4.000000
6341.409877	4.000000
6347.036632	4.000000
6352.661505	4.000000
6363.959580	5.000000
6369.585131	5.000000
6375.209683	5.000000
6380.906191	6.000000
6386.565054	6.000000
6397.865199	7.000000
6403.489751	7.000000
6409.184859	8.000000
6414.811409	8.000000
6420.507345	9.000000
6426.131898	9.000000
6431.827406	10.000000
6437.452143	10.000000
6443.168638	11.000000
6448.798922	11.000000
6454.494773	12.000000
6460.119325	12.000000
6465.815832	13.000000
6471.463243	13.000000
6477.163748	14.000000
6482.789439	14.000000
6488.487200	15.000000
6499.787126	16.000000
6505.411678	16.000000
6511.108186	17.000000
6516.732737	17.000000
6522.429245	18.000000
6528.056323	18.000000
6533.680874	18.000000
6539.418356	19.000000
6545.042908	19.000000
6550.669458	19.000000
6556.363967	20.000000
6561.989845	20.000000
6567.638964	20.000000
6573.269035	20.000000
6578.965543	21.000000
6584.590095	21.000000
6590.217927	21.000000
6595.842761	21.000000
6601.466315	21.000000
6607.093863	21.000000
6612.719518	21.000000
6618.346068	21.000000
6623.970620	21.000000
6629.597305	21.000000
6635.221857	21.000000
6640.848407	21.000000
6646.472959	21.000000
6652.099184	21.000000
6663.290110	20.000000
6668.914662	20.000000
6674.539213	20.000000
6680.163765	20.000000
6685.751767	19.000000
6691.378057	19.000000
6697.008605	19.000000
6702.565589	18.000000
6708.191212	18.000000
6713.817762	18.000000
6724.976922	17.000000
6730.601473	17.000000
6736.157439	16.000000
6741.783990	16.000000
6747.409330	16.000000
6752.965924	15.000000
6758.590476	15.000000
6769.751370	14.000000
6775.375922	14.000000
6780.932515	13.000000
6786.558910	13.000000
6792.185132	13.000000
6797.739727	12.000000
6803.367699	12.000000
6814.529839	11.000000
6820.153916	11.000000
6825.779468	11.000000
6836.956225	10.000000
6842.582051	10.000000
6848.247578	10.000000
6859.406736	9.000000
6865.031288	9.000000
6870.661836	9.000000
6876.288655	9.000000
6881.915206	9.000000
6887.539758	9.000000
6943.600981	9.000000
6949.228737	9.000000
6954.853289	9.000000
6960.479839	9.000000
6966.105503	9.000000
6971.730054	9.000000
6977.424562	10.000000
6983.051720	10.000000
6988.676271	10.000000
6994.302822	10.000000
7005.601894	11.000000
7011.228705	11.000000
7016.882442	11.000000
7028.179515	12.000000
7033.804067	12.000000
7039.428618	12.000000
7050.729145	13.000000
7056.355468	13.000000
7062.012000	13.000000
7067.710676	14.000000
7073.335570	14.000000
7078.959123	14.000000
7084.655019	15.000000
7090.281570	15.000000
7095.908263	15.000000
7101.534813	15.000000
7112.833886	16.000000
7118.483644	16.000000
7124.114192	16.000000
7135.416038	17.000000
7141.041721	17.000000
7146.668272	17.000000
7152.292823	17.000000
7157.945277	17.000000
7163.569829	17.000000
7174.869731	18.000000
7180.495818	18.000000
7186.123483	18.000000
7191.748875	18.000000
7197.376800	18.000000
7203.001351	18.000000
7208.627902	18.000000
7214.252454	18.000000
7219.919980	18.000000
7225.545892	18.000000
7231.171526	18.000000
7236.798076	18.000000
7253.560982	17.000000
7259.186534	17.000000
7264.813084	17.000000
7270.437635	17.000000
7276.064746	17.000000
7281.691298	17.000000
7292.850606	16.000000
7298.497474	16.000000
7304.126023	16.000000
7309.753619	16.000000
7326.516555	15.000000
7332.142625	15.000000
7337.791161	15.000000
7343.421709	15.000000
7348.976303	14.000000
7354.602853	14.000000
7360.228600	14.000000
7365.854458	14.000000
7377.015052	13.000000
7382.639603	13.000000
7388.266153	13.000000
7393.922684	13.000000
7399.548537	13.000000
7405.106275	12.000000
7410.733711	12.000000
7416.360262	12.000000
7421.986358	12.000000
7427.610910	12.000000
7433.263265	12.000000
7444.426890	11.000000
7450.054701	11.000000
7455.679252	11.000000
7461.305802	11.000000
7466.930354	11.000000
7472.556048	11.000000
7478.183598	11.000000
7483.811743	11.000000
7489.436295	11.000000
7495.065751	11.000000
7500.690302	11.000000
7506.319063	11.000000
7511.943614	11.000000
7517.570164	11.000000
7523.194715	11.000000
7528.852214	11.000000
7534.476765	11.000000
7540.144655	11.000000
7545.771205	11.000000
7551.395769	11.000000
7557.022318	11.000000
7562.650867	11.000000
7579.556615	12.000000
7585.182310	12.000000
7590.808859	12.000000
7596.433411	12.000000
7602.057962	12.000000
7613.355571	13.000000
7618.980123	13.000000
7624.603785	13.000000
7630.226337	13.000000
7635.850888	13.000000
7641.473441	13.000000
7647.169136	14.000000
7652.794067	14.000000
7658.416619	14.000000
7664.040693	14.000000
7669.666292	14.000000
7675.288873	14.000000
7680.982658	15.000000
7686.605211	15.000000
7692.227763	15.000000
7697.886294	15.000000
7703.508846	15.000000
7709.133397	15.000000
7714.758296	15.000000
7731.659112	16.000000
7737.287661	16.000000
7745.100871	16.000000
7750.730671	16.000000
7756.360377	16.000000
7761.991890	16.000000
7767.620439	16.000000
7773.252920	16.000000
7778.882993	16.000000
7784.512684	16.000000
7790.143232	16.000000
7795.771681	16.000000
7857.441594	16.000000
7863.070143	16.000000
7868.700690	16.000000
7874.329238	16.000000
7879.959786	16.000000
7885.618618	16.000000
7891.250265	16.000000
7896.880730	16.000000
7902.511278	16.000000
7908.180801	16.000000
7913.810581	16.000000
7919.441129	16.000000
7925.070837	16.000000
7941.839633	15.000000
7947.468182	15.000000
7953.098730	15.000000
7958.727654	15.000000
7964.356204	15.000000
7969.986751	15.000000
7975.616426	15.000000
7986.804612	14.000000
7992.437159	14.000000
7998.068959	14.000000
8003.697508	14.000000
8009.330177	14.000000
8014.958726	14.000000
8020.613444	14.000000
8026.243991	14.000000
8043.009473	13.000000
8048.639021	13.000000
8054.267570	13.000000
8059.896118	13.000000
8065.527257	13.000000
8071.155806	13.000000
8076.818334	13.000000
8082.449035	13.000000
8088.079583	13.000000
8093.707850	13.000000
8099.337676	13.000000
8104.966225	13.000000
8110.595996	13.000000
8116.224545	13.000000
8121.853094	13.000000
8127.481643	13.000000
8133.112875	13.000000
8138.741424	13.000000
8144.371972	13.000000
8150.021507	13.000000
8155.657446	13.000000
8161.287993	13.000000
8166.916542	13.000000
8172.548372	13.000000
8178.200907	13.000000
8183.836016	13.000000
8189.476558	13.000000
8206.384480	14.000000
8212.013028	14.000000
8217.644724	14.000000
8223.273273	14.000000
8228.944796	14.000000
8234.573343	14.000000
8240.204400	14.000000
8245.834948	14.000000
8251.467696	14.000000
8257.096244	14.000000
8262.726792	14.000000
8268.355341	14.000000
8279.660608	15.000000
8285.316290	15.000000
8290.948835	15.000000
8296.579383	15.000000
8302.207932	15.000000
8307.838480	15.000000
8313.471418	15.000000
8319.099967	15.000000
8324.730515	15.000000
8330.360188	15.000000
8335.989873	15.000000
8341.620421	15.000000
8347.250268	15.000000
8352.880816	15.000000
8358.509365	15.000000
8364.139912	15.000000
8369.769650	15.000000
8375.460302	15.000000
8381.092414	15.000000
8386.722485	15.000000
8392.353032	15.000000
8397.984323	15.000000
8403.614397	15.000000
8409.248942	15.000000
8414.879095	15.000000
8420.507839	15.000000
8426.138386	15.000000
8431.766934	15.000000
8437.398482	15.000000
8443.027030	15.000000
8448.656839	15.000000
8465.425098	14.000000
8471.055646	14.000000
8476.685193	14.000000
8482.315741	14.000000
8487.944944	14.000000
8493.576258	14.000000
8499.206806	14.000000
8504.836522	14.000000
8510.467069	14.000000
8516.097091	14.000000
8521.727072	14.000000
8527.396595	14.000000
8533.027142	14.000000
8538.659688	14.000000
8555.426910	13.000000
8561.057456	13.000000
8566.686004	13.000000
8572.316551	13.000000
8577.950746	13.000000
8583.581292	13.000000
8589.221346	13.000000
8594.851072	13.000000
8600.481618	13.000000
8606.111166	13.000000
8611.745846	13.000000
8617.373916	13.000000
8623.003619	13.000000
8628.632167	13.000000
8634.262714	13.000000
8639.892663	13.000000
8645.521211	13.000000
8651.151758	13.000000
8656.780306	13.000000
8662.412179	13.000000
8668.068710	13.000000
8673.699256	13.000000
8679.360421	13.000000
8684.988969	13.000000
8690.617518	13.000000
8696.246779	13.000000
8701.877326	13.000000
8707.506874	13.000000
8713.137954	13.000000
8718.768500	13.000000
8724.401283	13.000000
8730.031867	13.000000
8735.662232	13.000000
8741.292779	13.000000
8746.921328	13.000000
8752.575860	13.000000
8758.208194	13.000000
8763.839996	13.000000
8769.469716	13.000000
8775.099263	13.000000
8780.729811	13.000000
8786.384420	13.000000
8792.014966	13.000000
8808.921834	14.000000
8814.553119	14.000000
8820.183407	14.000000
8825.811955	14.000000
8831.483477	14.000000
8837.113373	14.000000
8842.741921	14.000000
8848.372468	14.000000
8854.002854	14.000000
8859.634612	14.000000
8865.264159	14.000000
8870.895806	14.000000
8876.523966	14.000000
8882.154513	14.000000
8887.783061	14.000000
8893.412608	14.000000
8899.043545	14.000000
8904.675420	14.000000
8910.305967	14.000000
8915.955503	14.000000
8921.591047	14.000000
8927.219594	14.000000
8977.683418	14.000000
8983.311966	14.000000
8988.967727	14.000000
8994.601273	14.000000
9000.230891	14.000000
9005.870432	14.000000
9011.500188	14.000000
9017.163715	14.000000
9022.792264	14.000000
9028.422810	14.000000
9034.054062	14.000000
9039.682611	14.000000
9045.312351	14.000000
9050.942899	14.000000
9056.572423	14.000000
9062.203970	14.000000
9067.832518	14.000000
9073.463065	14.000000
9079.118299	14.000000
9084.751817	14.000000
9090.382363	14.000000
9096.012941	14.000000
9101.643488	14.000000
9107.272036	14.000000
9112.901867	14.000000
9140.877038	13.000000
9146.507585	13.000000
9152.138425	13.000000
9157.768972	13.000000
9163.398706	13.000000
9169.027255	13.000000
9174.657802	13.000000
9180.329038	13.000000
9185.958877	13.000000
9191.616407	13.000000
9197.246954	13.000000
9202.875503	13.000000
9208.507169	13.000000
9214.138732	13.000000
9219.770131	13.000000
9225.403676	13.000000
9231.035293	13.000000
9236.663811	13.000000
9242.295357	13.000000
9247.923905	13.000000
9253.556806	13.000000
9259.185354	13.000000
9264.813902	13.000000
9270.442450	13.000000
9276.070999	13.000000
9281.699546	13.000000
9287.328094	13.000000
9292.956218	13.000000
9298.588731	13.000000
9304.217279	13.000000
9309.847826	13.000000
9315.482371	13.000000
9321.144898	13.000000
9326.774777	13.000000
9332.406836	13.000000
9338.038383	13.000000
9343.673184	13.000000
9349.303683	13.000000
9354.934230	13.000000
9360.566514	13.000000
9366.195063	13.000000
9371.830606	13.000000
9377.459155	13.000000
9383.089702	13.000000
9388.743022	13.000000
9394.375863	13.000000
9433.697385	14.000000
9439.327931	14.000000
9444.956480	14.000000
9450.587027	14.000000
9456.218288	14.000000
9461.846836	14.000000
9467.476732	14.000000
9473.108482	14.000000
9478.736925	14.000000
9484.367472	14.000000
9489.996020	14.000000
9495.692526	14.000000
9501.322729	14.000000
9506.951278	14.000000
9512.579826	14.000000
9518.208080	14.000000
9523.838627	14.000000
9529.467175	14.000000
9535.097089	14.000000
9540.729019	14.000000
9546.357567	14.000000
9551.989876	14.000000
9557.620946	14.000000
9563.249544	14.000000
9568.879384	14.000000
9574.511594	14.000000
9580.165652	14.000000
9585.801196	14.000000
9591.429743	14.000000
9597.060290	14.000000
9602.689657	14.000000
9608.321766	14.000000
9613.977298	14.000000
9619.606845	14.000000
9625.238391	14.000000
9630.867939	14.000000
9787.765716	13.000000
9798.998826	13.000000
9815.838224	13.000000
9827.072495	13.000000
9832.703042	13.000000
9838.331590	13.000000
9849.567519	13.000000
9855.198065	13.000000
9860.826613	13.000000
9866.458158	13.000000
9883.296304	13.000000
9894.530413	13.000000
9950.630419	13.000000
9956.262243	13.000000
9967.499012	13.000000
9973.130086	13.000000
9978.758634	13.000000
9984.409656	13.000000
9990.045825	13.000000
9995.677371	13.000000
10001.307015	13.000000
10006.937562	13.000000
10012.602087	13.000000
10018.237630	13.000000
10023.868258	13.000000
10029.534783	13.000000
10035.188314	13.000000
10040.817862	13.000000
10046.448626	13.000000
10052.078173	13.000000
10057.713886	13.000000
10063.344715	13.000000
10068.974261	13.000000
10074.605807	13.000000
10080.236876	13.000000
10085.866423	13.000000
10091.499112	13.000000
10097.134057	13.000000
10102.787589	13.000000
10108.423132	13.000000
10114.052680	13.000000
10119.684225	13.000000
10125.313772	13.000000
10130.944643	13.000000
10136.577421	13.000000
10142.208299	13.000000
10147.837846	13.000000
10153.468392	13.000000
10159.100605	13.000000
10164.731340	13.000000
10170.406858	13.000000
10176.039524	13.000000
10181.670598	13.000000
10187.300145	13.000000
10192.959674	13.000000
10198.590411	13.000000
10204.220492	13.000000
10209.852038	13.000000
10215.481585	13.000000
10221.112678	13.000000
10226.748220	13.000000
10232.377768	13.000000
10249.216463	13.000000
10305.354838	14.000000
10310.985535	14.000000
10316.615083	14.000000
10322.246005	14.000000
10327.875552	14.000000
10333.505098	14.000000
10339.135855	14.000000
10344.765403	14.000000
10350.396948	14.000000
10356.028064	14.000000
10361.657611	14.000000
10367.289157	14.000000
10372.957728	14.000000
10378.589274	14.000000
10384.223970	14.000000
10389.853516	14.000000
10395.484388	14.000000
10401.113935	14.000000
10406.749478	14.000000
10412.380277	14.000000
10418.015249	14.000000
10423.644796	14.000000
10429.274343	14.000000
10434.907887	14.000000
10440.540670	14.000000
10446.171659	14.000000
10451.801207	14.000000
10457.456737	14.000000
10463.086284	14.000000
10468.717830	14.000000
10474.348930	14.000000
10479.980047	14.000000
10485.610640	14.000000
10491.242185	14.000000
10496.871732	14.000000
10502.503588	14.000000
10508.135134	14.000000
10513.798035	14.000000
10519.427583	14.000000
10525.087111	14.000000
10530.717753	14.000000
10536.351912	14.000000
10541.983457	14.000000
10547.613004	14.000000
10553.243808	14.000000
10558.875355	14.000000
10564.506360	14.000000
10570.135907	14.000000
10575.766603	14.000000
10581.396151	14.000000
10587.028735	14.000000
10592.658281	14.000000
10598.289826	14.000000
10603.919374	14.000000
10609.573905	14.000000
10615.209063	14.000000
10620.841082	14.000000
10626.474027	14.000000
10648.915262	14.000000
10979.667329	14.000000
10990.926201	14.000000
10996.557747	14.000000
11002.224271	14.000000
11007.857028	14.000000
11013.487610	14.000000
11019.119988	14.000000
11024.749536	14.000000
11030.381081	14.000000
11036.010628	14.000000
11041.643301	14.000000
11047.273995	14.000000
11052.903542	14.000000
11058.534190	14.000000
11064.163737	14.000000
11069.795282	14.000000
11075.426075	14.000000
11081.057620	14.000000
11086.687167	14.000000
11092.318713	14.000000
11097.948259	14.000000
11103.580067	14.000000
11109.232642	14.000000
11114.866187	14.000000
11120.497732	14.000000
11126.127279	14.000000
11131.758825	14.000000
11137.413157	14.000000
11143.079718	14.000000
11148.710390	14.000000
11154.341935	14.000000
11159.971482	14.000000
11165.627026	14.000000
11171.256572	14.000000
11176.888118	14.000000
11182.518797	14.000000
11188.150894	14.000000
11193.782439	14.000000
11199.411986	14.000000
11205.043532	14.000000
11210.675554	14.000000
11216.306375	14.000000
11221.935922	14.000000
11227.591712	14.000000
11233.226520	14.000000
11238.856067	14.000000
11244.487613	14.000000
11250.118383	14.000000
11255.753490	14.000000
11261.385036	14.000000
11267.014584	14.000000
11272.646129	14.000000
11278.276837	14.000000
11283.946648	14.000000
11289.578194	14.000000
11295.207741	14.000000
11300.856800	14.000000
11306.488345	14.000000
11312.117892	14.000000
11317.777420	14.000000
11323.407637	14.000000
11329.037183	14.000000
11334.666730	14.000000
11340.298276	14.000000
11345.927805	14.000000
11351.562348	14.000000
11357.193348	14.000000
11362.822896	14.000000
11368.453531	14.000000
11374.083078	14.000000
11379.717913	14.000000
11385.347460	14.000000
11390.978260	14.000000
11396.609806	14.000000
11402.239352	14.000000
11407.871847	14.000000
11413.501395	14.000000
11419.132940	14.000000
11424.795758	14.000000
11430.427303	14.000000
11436.056850	14.000000
11475.381986	15.000000
11481.013532	15.000000
11486.642984	15.000000
11492.274530	15.000000
11497.908468	15.000000
11503.543536	15.000000
11509.173083	15.000000
11514.804629	15.000000
11520.434175	15.000000
11526.066037	15.000000
11531.700719	15.000000
11537.330265	15.000000
11542.962993	15.000000
11548.592540	15.000000
11554.224084	15.000000
11559.877616	15.000000
11565.509855	15.000000
11571.141400	15.000000
11576.770947	15.000000
11582.402492	15.000000
11588.033166	15.000000
11593.662712	15.000000
11599.333607	15.000000
11604.963153	15.000000
11610.594698	15.000000
11616.225704	15.000000
11621.887387	15.000000
11627.518461	15.000000
11633.149524	15.000000
11638.779070	15.000000
11644.410025	15.000000
11650.040972	15.000000
11655.670518	15.000000
11661.302063	15.000000
11666.931610	15.000000
11672.563676	15.000000
11678.195221	15.000000
11683.824768	15.000000
11751.178644	16.000000
11756.808190	16.000000
11762.440394	16.000000
11768.096543	16.000000
11773.732450	16.000000
11779.363996	16.000000
11784.993543	16.000000
11790.623803	16.000000
11796.253349	16.000000
11801.942859	16.000000
11807.573508	16.000000
11813.206282	16.000000
11818.835828	16.000000
11824.465374	16.000000
11830.094722	16.000000
11835.726338	16.000000
11846.958798	16.000000
11852.592432	16.000000
11858.224807	16.000000
12144.052074	16.000000
12149.683619	16.000000
12155.313165	16.000000
12160.944403	16.000000
12166.573950	16.000000
12172.203496	16.000000
12177.833043	16.000000
12183.462589	16.000000
12189.093525	16.000000
12194.724476	16.000000
12200.356355	16.000000
12206.008886	16.000000
12211.643430	16.000000
12217.277766	16.000000
12222.909842	16.000000
12234.183239	16.000000
12239.836771	16.000000
12245.473524	16.000000
12251.104295	16.000000
12262.338403	16.000000
12267.969445	16.000000
12273.598991	16.000000
12492.203763	16.000000
12497.835308	16.000000
12503.467852	16.000000
12509.099694	16.000000
12514.731238	16.000000
12520.363069	16.000000
12525.994615	16.000000
12531.625159	16.000000
12537.256705	16.000000
12542.885776	16.000000
12548.542221	16.000000
12554.177908	16.000000
12559.809454	16.000000
12565.439000	16.000000
12571.070545	16.000000
12576.700091	16.000000
12582.332603	16.000000
12587.962149	16.000000
12593.624675	16.000000
12599.255428	16.000000
12604.886974	16.000000
12610.518835	16.000000
12616.149774	16.000000
12621.782315	16.000000
12627.411862	16.000000
12633.043407	16.000000
12638.701935	16.000000
12644.332651	16.000000
12649.965532	16.000000
12655.595078	16.000000
12661.227623	16.000000
12666.857170	16.000000
12672.491940	16.000000
12678.123484	16.000000
12683.755702	16.000000
12689.387390	16.000000
12695.016935	16.000000
12700.649910	16.000000
12706.279456	16.000000
12711.911002	16.000000
12717.540548	16.000000
12723.171419	16.000000
12728.803473	16.000000
12734.474995	16.000000
12740.105539	16.000000
12745.737085	16.000000
12751.366632	16.000000
12756.997773	16.000000
12762.629318	16.000000
12768.258864	16.000000
12773.889620	16.000000
12779.521166	16.000000
12785.150712	16.000000
12790.786943	16.000000
12796.418489	16.000000
12802.048035	16.000000
12807.679580	16.000000
12813.309126	16.000000
12818.946947	16.000000
12824.579319	16.000000
12830.210864	16.000000
12835.841264	16.000000
12841.472809	16.000000
12847.102355	16.000000
12852.757573	16.000000
12858.388417	16.000000
12864.023347	16.000000
12869.654434	16.000000
12875.318959	16.000000
12880.948505	16.000000
12886.580050	16.000000
12892.209596	16.000000
12897.840473	16.000000
12903.478014	16.000000
12909.137563	16.000000
12914.770107	16.000000
12920.399654	16.000000
12926.030200	16.000000
12931.660957	16.000000
12937.292502	16.000000
12942.926631	16.000000
13189.521705	16.000000
13195.153251	16.000000
13200.782796	16.000000
13206.414342	16.000000
13212.047350	16.000000
13217.676897	16.000000
13223.308443	16.000000
13228.937989	16.000000
13234.593519	16.000000
13240.227063	16.000000
13245.860917	16.000000
13251.490463	16.000000
13257.159187	16.000000
13262.790732	16.000000
13268.445263	16.000000
13274.075491	16.000000
13279.710940	16.000000
13285.339488	16.000000
13290.971084	16.000000
13296.599631	16.000000
13302.231574	16.000000
13307.861120	16.000000
13313.489962	16.000000
13319.120507	16.000000
13324.749054	16.000000
13330.379600	16.000000
13336.008834	16.000000
13341.638381	16.000000
13347.267165	16.000000
13352.896981	16.000000
13358.527526	16.000000
13364.156074	16.000000
13369.785150	16.000000
13375.414697	16.000000
13381.042244	16.000000
13386.692462	16.000000
13392.327201	16.000000
13397.989727	16.000000
13403.618274	16.000000
13409.252832	16.000000
13414.906364	16.000000
13420.542966	16.000000
13426.175038	16.000000
13431.805585	16.000000
13437.439281	16.000000
13443.069827	16.000000
13448.727356	16.000000
13454.360379	16.000000
13459.990925	16.000000
13465.623469	16.000000
13471.254412	16.000000
13476.886174	16.000000
13482.518719	16.000000
13488.150505	16.000000
13493.781051	16.000000
13499.412596	16.000000
13505.069126	16.000000
13510.705668	16.000000
13516.337317	16.000000
13521.970058	16.000000
13527.601819	16.000000
13533.232364	16.000000
13538.904623	16.000000
13544.537168	16.000000
13550.167713	16.000000
13555.800258	16.000000
13561.432242	16.000000
13567.064111	16.000000
13572.696064	16.000000
13578.326609	16.000000
13583.959154	16.000000
13589.589684	16.000000
13595.248772	16.000000
13600.881317	16.000000
13606.511863	16.000000
13612.145702	16.000000
13617.776248	16.000000
13623.408793	16.000000
13629.044868	16.000000
13634.675163	16.000000
13640.307708	16.000000
13645.938252	16.000000
13651.570796	16.000000
13657.202591	16.000000
13662.835474	16.000000
13668.467259	16.000000
13674.098804	16.000000
13679.761330	16.000000
13685.393874	16.000000
13691.026652	16.000000
13696.662211	16.000000
13702.293915	16.000000
13707.926458	16.000000
13713.557004	16.000000
13747.137228	15.000000
13752.768955	15.000000
13758.401499	15.000000
13764.032044	15.000000
13769.663970	15.000000
13775.298513	15.000000
13780.932208	15.000000
13786.566820	15.000000
13792.197365	15.000000
13797.829909	15.000000
13803.475687	15.000000
13809.108231	15.000000
13814.738320	15.000000
13820.368866	15.000000
13825.999411	15.000000
13831.633171	15.000000
13837.288701	15.000000
13842.922335	15.000000
13848.589858	15.000000
13854.222402	15.000000
13859.852947	15.000000
13865.485491	15.000000
13871.116036	15.000000
13876.750571	15.000000
13882.381116	15.000000
13888.013354	15.000000
13893.671883	15.000000
13899.304353	15.000000
13904.936897	15.000000
13910.568706	15.000000
13916.200450	15.000000
13921.832995	15.000000
13927.463540	15.000000
13933.095501	15.000000
13938.728045	15.000000
13944.360023	15.000000
13949.990569	15.000000
13955.623113	15.000000
13961.253765	15.000000
13966.885310	15.000000
13972.515854	15.000000
13978.170619	15.000000
13983.807161	15.000000
13989.474059	15.000000
13995.106351	15.000000
14040.036930	16.000000
14045.667475	16.000000
14051.325496	16.000000
14056.957332	16.000000
14062.589876	16.000000
14068.220422	16.000000
14073.852966	16.000000
14079.483510	16.000000
14085.115436	16.000000
14090.747980	16.000000
14096.379772	16.000000
14102.013634	16.000000
14107.649168	16.000000
14113.279713	16.000000
14118.913512	16.000000
14124.544057	16.000000
14130.176601	16.000000
14135.807147	16.000000
14141.442551	16.000000
14147.073096	16.000000
14152.705640	16.000000
14158.337624	16.000000
14163.968170	16.000000
14169.672669	16.000000
14175.307357	16.000000
14180.939094	16.000000
14220.123954	15.000000
14225.756991	15.000000
14231.410522	15.000000
14237.047033	15.000000
14242.677578	15.000000
14248.310122	15.000000
14253.940667	15.000000
14259.573704	15.000000
14265.232084	15.000000
14270.863756	15.000000
14276.496300	15.000000
14282.126846	15.000000
14287.759390	15.000000
14293.391225	15.000000
14299.022949	15.000000
14304.655493	15.000000
14310.286038	15.000000
14315.918109	15.000000
14321.574638	15.000000
14327.209181	15.000000
14355.186430	14.000000
14360.820013	14.000000
14366.483719	14.000000
14372.116263	14.000000
14377.746809	14.000000
14383.380393	14.000000
14389.012460	14.000000
14394.643006	14.000000
14400.275969	14.000000
14405.926503	14.000000
14411.557047	14.000000
14450.883028	15.000000
14456.513574	15.000000
14462.144119	15.000000
14467.802647	15.000000
14473.434538	15.000000
14479.068175	15.000000
14484.698721	15.000000
14490.331532	15.000000
14495.964076	15.000000
14501.601116	15.000000
14507.233176	15.000000
14512.863721	15.000000
14518.496265	15.000000
14524.128201	15.000000
14529.758746	15.000000
14535.391924	15.000000
14541.062557	15.000000
14546.693102	15.000000
14580.414790	16.000000
14586.045335	16.000000
14591.677879	16.000000
14597.308281	16.000000
14602.940476	16.000000
14608.572218	16.000000
14614.203286	16.000000
14619.835830	16.000000
14625.469822	16.000000
14631.100367	16.000000
14636.733910	16.000000
14642.364455	16.000000
14648.002423	16.000000
14653.632968	16.000000
14659.263694	16.000000
14664.897432	16.000000
14670.527977	16.000000
14676.164518	16.000000
14681.796268	16.000000
14687.426814	16.000000
14693.059357	16.000000
14698.689903	16.000000
14704.322446	16.000000
14710.011307	16.000000
14715.645452	16.000000
14721.275996	16.000000
14726.906542	16.000000
14732.537087	16.000000
14738.168262	16.000000
14743.803839	16.000000
14749.435542	16.000000
14755.067611	16.000000
14760.700155	16.000000
14766.359682	16.000000
14771.991518	16.000000
14777.625118	16.000000
14783.256886	16.000000
14788.889283	16.000000
14794.519827	16.000000
14822.497301	15.000000
14828.127846	15.000000
14833.760390	15.000000
14839.392667	15.000000
14845.024736	15.000000
14850.655282	15.000000
14856.287198	15.000000
14861.923730	15.000000
14867.554275	15.000000
14873.248307	15.000000
14878.884848	15.000000
14884.516664	15.000000
14890.148439	15.000000
14895.780983	15.000000
14901.411629	15.000000
14907.069158	15.000000
14912.699703	15.000000
14918.332247	15.000000
14923.964157	15.000000
15019.261528	15.000000
15024.893642	15.000000
15030.525397	15.000000
15036.157941	15.000000
15041.788486	15.000000
15047.421031	15.000000
15053.054724	15.000000
15058.688267	15.000000
15064.319622	15.000000
15069.952166	15.000000
15075.582711	15.000000
15081.214848	15.000000
15086.847392	15.000000
15092.478888	15.000000
15098.112665	15.000000
15103.779001	15.000000
15109.413020	15.000000
15115.066551	15.000000
15120.701094	15.000000
15126.333638	15.000000
15131.964183	15.000000
15137.597605	15.000000
15143.252135	15.000000
15148.887863	15.000000
15182.608323	16.000000
15188.238867	16.000000
15193.871754	16.000000
15199.504038	16.000000
15205.160828	16.000000
15210.793372	16.000000
15216.423918	16.000000
15222.056961	16.000000
15227.689505	16.000000
15233.320050	16.000000
15238.953052	16.000000
15244.585596	16.000000
15250.216142	16.000000
15255.848686	16.000000
15261.503030	16.000000
15267.138572	16.000000
15272.807094	16.000000
15278.438874	16.000000
15284.070578	16.000000
15289.703122	16.000000
15295.333667	16.000000
15300.966210	16.000000
15306.596756	16.000000
15312.228736	16.000000
15317.861105	16.000000
15323.491650	16.000000
15329.125330	16.000000
15334.755876	16.000000
15340.388419	16.000000
15346.023591	16.000000
15351.685590	16.000000
15357.316134	16.000000
15362.947680	16.000000
15368.579593	16.000000
15374.211300	16.000000
15419.000758	15.000000
15424.635300	15.000000
15430.267844	15.000000
15435.898390	15.000000
15441.532117	15.000000
15447.162663	15.000000
15452.827437	15.000000
15458.459215	15.000000
15464.092985	15.000000
15469.725060	15.000000
15475.355604	15.000000
15480.986150	15.000000
15486.617850	15.000000
15492.250394	15.000000
15497.880939	15.000000
15503.514859	15.000000
15509.148403	15.000000
15514.778947	15.000000
15520.412669	15.000000
15526.043214	15.000000
15531.675758	15.000000
15537.306304	15.000000
15542.943844	15.000000
15548.575709	15.000000
15554.207599	15.000000
15559.839291	15.000000
15565.471835	15.000000
15571.107377	15.000000
15576.739921	15.000000
15582.375352	15.000000
15588.007610	15.000000
15593.679227	15.000000
15599.309773	15.000000
15604.967302	15.000000
15610.597847	15.000000
15616.230391	15.000000
15621.860896	15.000000
15627.492854	15.000000
15633.126543	15.000000
15638.757088	15.000000
15644.389632	15.000000
15650.020177	15.000000
15655.652721	15.000000
15661.313574	15.000000
15666.969104	15.000000
15672.601647	15.000000
15678.233540	15.000000
15683.867042	15.000000
15689.521048	15.000000
15695.152814	15.000000
15700.784359	15.000000
15706.420284	15.000000
15712.050830	15.000000
15717.682907	15.000000
15723.314557	15.000000
15728.948431	15.000000
15734.610957	15.000000
15740.242684	15.000000
15745.899213	15.000000
15751.533756	15.000000
15757.166300	15.000000
15762.801596	15.000000
15768.434688	15.000000
15774.065233	15.000000
15779.722762	15.000000
15785.354307	15.000000
15790.986851	15.000000
15796.618395	15.000000
15802.252953	15.000000
15807.883498	15.000000
15813.515192	15.000000
15819.147736	15.000000
15824.780462	15.000000
15830.412544	15.000000
15836.044363	15.000000
15841.676906	15.000000
15847.307451	15.000000
15852.941963	15.000000
15858.572507	15.000000
15864.207123	15.000000
15869.838020	15.000000
15875.506542	15.000000
15881.138087	15.000000
15886.769631	15.000000
15892.400176	15.000000
15898.052835	15.000000
15903.695134	15.000000
15909.328677	15.000000
15914.959223	15.000000
15920.592328	15.000000
15926.248857	15.000000
15931.884399	15.000000
15937.516943	15.000000
15943.151551	15.000000
15948.784638	15.000000
15954.416183	15.000000
15960.073711	15.000000
15965.705256	15.000000
15971.336801	15.000000
15976.968770	15.000000
15982.601110	15.000000
15988.232673	15.000000
15993.865217	15.000000
15999.495762	15.000000
16005.127651	15.000000
16010.761332	15.000000
16016.447842	15.000000
16022.085383	15.000000
16027.715928	15.000000
16033.349655	15.000000
16038.981200	15.000000
16044.613843	15.000000
16050.246387	15.000000
16055.877932	15.000000
16061.511476	15.000000
16067.145474	15.000000
16072.778279	15.000000
16078.412751	15.000000
16084.045739	15.000000
16089.675284	15.000000
16095.307828	15.000000
16100.939883	15.000000
16106.599411	15.000000
16112.232955	15.000000
16117.865828	15.000000
16123.497372	15.000000
16129.127917	15.000000
16134.759462	15.000000
16140.395004	15.000000
16146.026548	15.000000
16151.658361	15.000000
16157.326882	15.000000
16162.959352	15.000000
16168.589898	15.000000
16174.223441	15.000000
16179.858599	15.000000
16185.491163	15.000000
16191.123706	15.000000
16196.755250	15.000000
16202.387795	15.000000
16208.020501	15.000000
16213.652046	15.000000
16219.283867	15.000000
16224.915715	15.000000
16230.547387	15.000000
16236.179931	15.000000
16241.811475	15.000000
16247.445019	15.000000
16253.075824	15.000000
16258.711367	15.000000
16264.341911	15.000000
16269.974992	15.000000
16275.605538	15.000000
16281.239090	15.000000
16286.874633	15.000000
16292.508787	15.000000
16298.174311	15.000000
16303.808685	15.000000
16309.438751	15.000000
16315.070294	15.000000
16320.730754	15.000000
16326.363755	15.000000
16331.995299	15.000000
16337.628167	15.000000
16343.260191	15.000000
16348.892735	15.000000
16354.524279	15.000000
16360.158908	15.000000
16365.790452	15.000000
16371.422996	15.000000
16377.082522	15.000000
16382.717267	15.000000
16388.348811	15.000000
16393.981713	15.000000
16399.615255	15.000000
16405.247809	15.000000
16410.880352	15.000000
16416.511897	15.000000
16422.145439	15.000000
16427.779842	15.000000
16433.412745	15.000000
16439.084264	15.000000
16444.715808	15.000000
16450.349351	15.000000
16455.980896	15.000000
16461.637247	15.000000
16467.274056	15.000000
16472.907695	15.000000
16478.539239	15.000000
16484.171782	15.000000
16489.803327	15.000000
16495.460855	15.000000
16501.093777	15.000000
16506.725320	15.000000
16512.358863	15.000000
16517.991646	15.000000
16523.624365	15.000000
16529.255909	15.000000
16534.888636	15.000000
16540.522179	15.000000
16546.157909	15.000000
16551.790452	15.000000
16557.422682	15.000000
16563.056225	15.000000
16602.243537	14.000000
16607.876298	14.000000
16613.541822	14.000000
16619.173366	14.000000
16624.806909	14.000000
16630.438453	14.000000
16636.071996	14.000000
16641.705833	14.000000
16647.358830	14.000000
16652.994372	14.000000
16658.627914	14.000000
16664.262861	14.000000
16669.894928	14.000000
16675.550726	14.000000
16681.189314	14.000000
16686.820858	14.000000
16692.453931	14.000000
16698.087472	14.000000
16703.720369	14.000000
16709.377165	14.000000
16715.009755	14.000000
16720.642651	14.000000
16726.274195	14.000000
