2.900218	40.000000
8.517771	40.000000
14.146368	40.000000
19.775640	40.000000
47.823007	40.000000
53.449553	40.000000
59.707712	49.000000
59.801654	50.000000
94.412933	64.000000
106.977644	3.000000
124.652795	15.000000
132.454918	46.000000
132.548861	47.000000
140.260363	77.000000
195.062280	59.000000
199.783381	46.000000
209.123037	19.000000
213.841140	6.000000
247.067292	0.000000
253.255063	8.000000
265.677438	25.000000
271.866679	33.000000
278.124059	42.000000
284.311529	50.000000
290.501082	58.000000
296.711270	66.000000
302.829515	73.000000
532.896623	77.000000
538.173384	72.000000
543.381273	66.000000
548.659138	61.000000
553.937238	56.000000
559.170026	50.000000
564.450785	45.000000
574.912124	34.000000
580.188885	29.000000
585.469644	24.000000
590.747830	19.000000
596.024592	14.000000
601.303352	9.000000
606.581246	4.000000
696.064198	1.000000
701.972571	5.000000
707.950902	10.000000
713.857276	14.000000
719.765650	18.000000
731.629554	27.000000
737.606431	32.000000
743.514803	36.000000
749.492937	41.000000
755.401309	45.000000
761.307685	49.000000
767.217280	53.000000
773.123655	57.000000
779.030030	61.000000
784.938403	65.000000
790.844779	69.000000
796.733164	72.000000
802.571051	75.000000
965.489951	79.000000
970.906627	76.000000
981.790809	71.000000
987.209679	68.000000
992.628781	65.000000
998.073439	62.000000
1003.492113	59.000000
1008.909867	56.000000
1014.329117	53.000000
1019.745792	50.000000
1025.162468	47.000000
1030.578679	44.000000
1062.962290	26.000000
1073.771916	20.000000
1079.188963	17.000000
1084.677595	15.000000
1095.561137	10.000000
1101.049768	8.000000
1106.537400	6.000000
1112.050770	4.000000
1117.538939	2.000000
1123.023572	0.000000
1235.127169	0.000000
1240.897145	2.000000
1246.589651	3.000000
1252.357232	5.000000
1258.126806	7.000000
1263.894266	9.000000
1269.663725	11.000000
1275.502141	14.000000
1281.296305	16.000000
1287.064302	18.000000
1292.901150	21.000000
1304.482042	26.000000
1310.248502	28.000000
1321.829394	33.000000
1327.667010	36.000000
1333.465160	38.000000
1339.236257	40.000000
1345.075672	43.000000
1350.868117	45.000000
1356.705112	48.000000
1362.473912	50.000000
1368.243371	52.000000
1374.011374	54.000000
1379.779833	56.000000
1385.546829	58.000000
1391.313290	60.000000
1397.081277	62.000000
1402.780779	63.000000
1408.547240	65.000000
1414.247110	66.000000
1425.690267	69.000000
1431.387990	70.000000
1442.689054	71.000000
1448.385558	72.000000
1459.692526	73.000000
1465.321535	73.000000
1470.950156	73.000000
1476.577294	73.000000
1482.202842	73.000000
1487.852375	73.000000
1493.436946	72.000000
1499.066645	72.000000
1504.623234	71.000000
1510.181822	70.000000
1521.341192	69.000000
1532.363671	66.000000
1537.920478	65.000000
1543.484063	64.000000
1554.511295	61.000000
1565.539878	58.000000
1571.026767	56.000000
1576.589132	55.000000
1582.077288	53.000000
1587.563920	51.000000
1593.053477	49.000000
1598.610065	48.000000
1604.097046	46.000000
1609.584677	44.000000
1615.072309	42.000000
1620.558942	40.000000
1631.581176	37.000000
1637.073805	35.000000
1642.561741	33.000000
1653.585779	30.000000
1659.071412	28.000000
1664.628001	27.000000
1670.114634	25.000000
1675.672359	24.000000
1681.162990	22.000000
1686.719579	21.000000
1697.744883	18.000000
1703.302005	17.000000
1708.883667	16.000000
1714.441411	15.000000
1725.596564	14.000000
1731.155152	13.000000
1742.317498	12.000000
1747.944067	12.000000
1759.130202	11.000000
1764.762745	11.000000
1770.389291	11.000000
1776.017439	11.000000
1781.721447	12.000000
1787.350524	12.000000
1798.650589	13.000000
1804.349881	14.000000
1809.976427	14.000000
1815.676499	15.000000
1821.376750	16.000000
1827.073822	17.000000
1832.771325	18.000000
1838.470240	19.000000
1844.166744	20.000000
1849.865432	21.000000
1855.564934	22.000000
1861.334392	24.000000
1867.032651	25.000000
1872.732153	26.000000
1884.173067	29.000000
1889.871570	30.000000
1895.639166	32.000000
1901.338669	33.000000
1907.101131	35.000000
1912.824767	36.000000
1918.610216	38.000000
1924.304138	39.000000
1929.998642	40.000000
1935.765938	42.000000
1941.460017	43.000000
1952.895079	46.000000
1958.612546	47.000000
1964.312047	48.000000
1970.004553	49.000000
1975.696059	50.000000
1981.387566	51.000000
1987.081071	52.000000
1992.775159	53.000000
1998.467543	54.000000
2004.162048	55.000000
2015.458899	56.000000
2021.153404	57.000000
2026.776283	57.000000
2038.073349	58.000000
2043.694951	58.000000
2049.344483	58.000000
2054.969394	58.000000
2060.595201	58.000000
2066.219749	58.000000
2071.842299	58.000000
2077.491346	58.000000
2083.116893	58.000000
2094.272469	57.000000
2105.432619	56.000000
2116.592303	55.000000
2122.143896	54.000000
2127.699904	53.000000
2133.325725	53.000000
2138.880206	52.000000
2144.430799	51.000000
2149.985390	50.000000
2155.539980	49.000000
2161.094571	48.000000
2166.676501	47.000000
2172.229093	46.000000
2177.787459	45.000000
2183.361039	44.000000
2188.920627	43.000000
2194.475200	42.000000
2200.030743	41.000000
2205.584334	40.000000
2211.139924	39.000000
2216.693586	38.000000
2222.246179	37.000000
2227.800769	36.000000
2233.353361	35.000000
2238.932482	34.000000
2244.487073	33.000000
2250.039665	32.000000
2255.594687	31.000000
2261.148383	30.000000
2266.703973	29.000000
2272.258977	28.000000
2283.421126	27.000000
2288.973718	26.000000
2294.601120	26.000000
2300.154712	25.000000
2305.802889	25.000000
2311.362477	24.000000
2316.987295	24.000000
2389.851706	24.000000
2395.475782	24.000000
2406.772848	25.000000
2418.070846	26.000000
2423.764790	27.000000
2429.392335	27.000000
2435.084875	28.000000
2446.385353	29.000000
2452.077859	30.000000
2457.770365	31.000000
2469.068430	32.000000
2474.786921	33.000000
2480.481027	34.000000
2486.174615	35.000000
2497.472595	36.000000
2503.166101	37.000000
2508.860306	38.000000
2514.557658	39.000000
2525.856866	40.000000
2531.554369	41.000000
2537.253286	42.000000
2542.875365	42.000000
2548.569870	43.000000
2554.262573	44.000000
2559.887549	44.000000
2565.583053	45.000000
2576.882192	46.000000
2582.504742	46.000000
2588.199439	47.000000
2593.821989	47.000000
2599.517493	48.000000
2605.142040	48.000000
2610.767587	48.000000
2622.068480	49.000000
2627.692028	49.000000
2633.316576	49.000000
2638.965109	49.000000
2644.615641	49.000000
2650.239189	49.000000
2655.870418	49.000000
2661.502078	49.000000
2667.126626	49.000000
2672.682215	48.000000
2678.305917	48.000000
2683.930465	48.000000
2689.557265	48.000000
2695.108857	47.000000
2700.733449	47.000000
2706.356997	47.000000
2711.910589	46.000000
2717.533138	46.000000
2723.085730	45.000000
2728.711005	45.000000
2734.266594	44.000000
2739.890055	44.000000
2745.446433	43.000000
2751.077976	43.000000
2756.633566	42.000000
2762.187663	41.000000
2767.810211	41.000000
2773.362803	40.000000
2784.546223	39.000000
2790.127919	38.000000
2795.751557	38.000000
2801.306590	37.000000
2806.932137	37.000000
2812.485728	36.000000
2818.041318	35.000000
2823.687853	35.000000
2829.248322	34.000000
2834.873079	34.000000
2840.425671	33.000000
2846.051219	33.000000
2851.604810	32.000000
2857.230075	32.000000
2862.783668	31.000000
2868.407445	31.000000
2874.030993	31.000000
2879.587673	30.000000
2885.212220	30.000000
2890.837767	30.000000
2896.396732	29.000000
2902.046468	29.000000
2907.670017	29.000000
2913.293565	29.000000
2918.919610	29.000000
2924.549943	29.000000
2952.591835	29.000000
2958.239369	29.000000
2963.863916	29.000000
2969.489767	29.000000
2975.114316	29.000000
2980.739167	29.000000
2986.432673	30.000000
2992.058220	30.000000
2997.680769	30.000000
3008.978346	31.000000
3014.601894	31.000000
3020.298688	32.000000
3025.924531	32.000000
3031.575062	32.000000
3037.272303	33.000000
3042.897085	33.000000
3048.614575	34.000000
3054.243373	34.000000
3059.938877	35.000000
3065.562425	35.000000
3071.257930	36.000000
3076.882720	36.000000
3082.579223	37.000000
3088.202771	37.000000
3093.898275	38.000000
3099.522557	38.000000
3110.846146	39.000000
3116.469695	39.000000
3122.165198	40.000000
3127.788747	40.000000
3133.484251	41.000000
3139.108184	41.000000
3144.735698	41.000000
3150.429204	42.000000
3156.053751	42.000000
3167.349892	43.000000
3172.973440	43.000000
3178.621973	43.000000
3189.923262	44.000000
3195.545811	44.000000
3201.169359	44.000000
3206.794907	44.000000
3212.419454	44.000000
3218.045739	44.000000
3223.669288	44.000000
3229.298899	44.000000
3234.921447	44.000000
3240.546995	44.000000
3246.171543	44.000000
3251.796607	44.000000
3257.424983	44.000000
3263.050063	44.000000
3268.697597	44.000000
3279.852922	43.000000
3285.477738	43.000000
3291.101287	43.000000
3296.723835	43.000000
3307.881997	42.000000
3313.505591	42.000000
3324.669888	41.000000
3330.294482	41.000000
3341.452653	40.000000
3347.078246	40.000000
3358.238861	39.000000
3363.865668	39.000000
3369.420303	38.000000
3375.045896	38.000000
3380.672467	38.000000
3386.226627	37.000000
3391.851489	37.000000
3397.477082	37.000000
3403.032096	36.000000
3408.657889	36.000000
3414.280484	36.000000
3419.834120	35.000000
3425.458939	35.000000
3431.107517	35.000000
3442.309258	34.000000
3447.936849	34.000000
3453.562700	34.000000
3459.122971	33.000000
3464.749090	33.000000
3470.375682	33.000000
3476.001275	33.000000
3481.625867	33.000000
3487.252459	33.000000
3498.413356	32.000000
3504.036950	32.000000
3509.662542	32.000000
3515.286136	32.000000
3520.911462	32.000000
3526.537415	32.000000
3532.163007	32.000000
3537.786601	32.000000
3543.413194	32.000000
3560.313957	33.000000
3565.940549	33.000000
3571.562144	33.000000
3577.187737	33.000000
3582.813593	33.000000
3588.437187	33.000000
3594.158721	34.000000
3599.784842	34.000000
3605.435420	34.000000
3611.058013	34.000000
3616.754633	35.000000
3622.378760	35.000000
3628.006067	35.000000
3633.653645	35.000000
3639.352036	36.000000
3644.977627	36.000000
3650.601220	36.000000
3661.899373	37.000000
3667.524964	37.000000
3673.151196	37.000000
3678.845746	38.000000
3684.471337	38.000000
3690.094929	38.000000
3701.391975	39.000000
3707.018774	39.000000
3712.642365	39.000000
3723.942102	40.000000
3729.590679	40.000000
3735.216270	40.000000
3740.841552	40.000000
3752.139705	41.000000
3757.766406	41.000000
3763.393710	41.000000
3769.042286	41.000000
3774.667138	41.000000
3780.295911	41.000000
3785.920503	41.000000
3808.426978	42.000000
3814.052842	42.000000
3819.677018	42.000000
3825.303608	42.000000
3836.461846	41.000000
3842.084440	41.000000
3847.713474	41.000000
3853.339590	41.000000
3858.994531	41.000000
3864.619123	41.000000
3870.242714	41.000000
3875.890292	41.000000
3881.520109	41.000000
3887.073742	40.000000
3892.699549	40.000000
3898.323142	40.000000
3903.948732	40.000000
3909.573323	40.000000
3920.733659	39.000000
3926.359155	39.000000
3931.983744	39.000000
3937.610638	39.000000
3948.794637	38.000000
3954.421226	38.000000
3960.046814	38.000000
3965.672404	38.000000
3971.225038	37.000000
3976.850081	37.000000
3982.478711	37.000000
3988.103587	37.000000
3993.729176	37.000000
3999.282810	36.000000
4004.929667	36.000000
4010.559253	36.000000
4016.182843	36.000000
4021.809935	36.000000
4032.969169	35.000000
4038.594759	35.000000
4044.220496	35.000000
4049.844087	35.000000
4055.473470	35.000000
4061.098728	35.000000
4066.722352	35.000000
4072.348941	35.000000
4083.507176	34.000000
4089.131958	34.000000
4094.755962	34.000000
4100.408850	34.000000
4106.034439	34.000000
4111.659171	34.000000
4117.285760	34.000000
4122.910017	34.000000
4128.533773	34.000000
4134.157363	34.000000
4139.787950	34.000000
4156.691751	35.000000
4162.320693	35.000000
4167.945282	35.000000
4173.568873	35.000000
4179.194419	35.000000
4184.819135	35.000000
4190.444725	35.000000
4196.069779	35.000000
4207.368378	36.000000
4212.992966	36.000000
4218.619026	36.000000
4224.243138	36.000000
4229.866774	36.000000
4235.493361	36.000000
4241.190033	37.000000
4246.815621	37.000000
4252.465194	37.000000
4258.094779	37.000000
4263.743474	37.000000
4269.368598	37.000000
4275.068141	38.000000
4280.692729	38.000000
4286.320486	38.000000
4291.944075	38.000000
4297.569663	38.000000
4303.194238	38.000000
4314.492384	39.000000
4320.117972	39.000000
4325.743559	39.000000
4331.367294	39.000000
4336.995998	39.000000
4342.624762	39.000000
4348.251873	39.000000
4353.877462	39.000000
4359.501050	39.000000
4387.609539	40.000000
4393.233127	40.000000
4398.859714	40.000000
4404.483716	40.000000
4410.106868	40.000000
4415.731982	40.000000
4449.329692	39.000000
4454.953281	39.000000
4460.608834	39.000000
4466.235044	39.000000
4471.858634	39.000000
4477.482387	39.000000
4483.108228	39.000000
4488.755803	39.000000
4494.384388	39.000000
4505.541721	38.000000
4511.167482	38.000000
4516.791070	38.000000
4522.416657	38.000000
4528.040189	38.000000
4533.665775	38.000000
4539.290362	38.000000
4544.917056	38.000000
4550.480718	37.000000
4556.107303	37.000000
4561.730890	37.000000
4567.358476	37.000000
4573.009048	37.000000
4578.636333	37.000000
4584.263232	37.000000
4589.888818	37.000000
4595.513282	37.000000
4606.671476	36.000000
4612.297062	36.000000
4617.945848	36.000000
4623.571434	36.000000
4629.198020	36.000000
4634.822607	36.000000
4640.447759	36.000000
4646.073346	36.000000
4651.700047	36.000000
4657.325634	36.000000
4662.950562	36.000000
4668.574151	36.000000
4674.199737	36.000000
4679.851308	36.000000
4685.480769	36.000000
4691.103358	36.000000
4696.749931	36.000000
4702.383150	36.000000
4708.009271	36.000000
4713.632859	36.000000
4719.257794	36.000000
4724.885242	36.000000
4730.511083	36.000000
4736.137669	36.000000
4741.761258	36.000000
4747.383846	36.000000
4753.007433	36.000000
4758.657289	36.000000
4764.280876	36.000000
4769.904519	36.000000
4775.527106	36.000000
4781.149694	36.000000
4786.776253	36.000000
4803.676232	37.000000
4809.300818	37.000000
4814.925599	37.000000
4820.551078	37.000000
4826.198465	37.000000
4831.829046	37.000000
4837.453632	37.000000
4843.079218	37.000000
4848.704889	37.000000
4854.330474	37.000000
4859.957441	37.000000
4865.650985	38.000000
4871.281567	38.000000
4876.904153	38.000000
4882.528738	38.000000
4888.153324	38.000000
4893.778241	38.000000
4899.406824	38.000000
4905.034080	38.000000
4910.660190	38.000000
4916.308760	38.000000
4921.934345	38.000000
4927.555932	38.000000
4944.459141	39.000000
4950.084810	39.000000
4955.708397	39.000000
4961.338978	39.000000
4966.964262	39.000000
4972.591846	39.000000
4978.215432	39.000000
4983.839018	39.000000
4989.463724	39.000000
4995.088310	39.000000
5000.713067	39.000000
5006.341024	39.000000
5011.966609	39.000000
5017.592194	39.000000
5023.216779	39.000000
5028.839615	39.000000
5034.462460	39.000000
5040.088045	39.000000
5062.458513	38.000000
5068.080100	38.000000
5073.728844	38.000000
5079.358953	38.000000
5085.011269	38.000000
5090.634855	38.000000
5096.262974	38.000000
5101.886561	38.000000
5107.511432	38.000000
5113.138015	38.000000
5118.763599	38.000000
5124.387397	38.000000
5130.011860	38.000000
5135.637444	38.000000
5141.190416	37.000000
5146.815442	37.000000
5152.440026	37.000000
5158.067609	37.000000
5163.693028	37.000000
5169.320766	37.000000
5174.944158	37.000000
5180.571458	37.000000
5186.196042	37.000000
5191.818627	37.000000
5197.446210	37.000000
5203.070795	37.000000
5208.698120	37.000000
5214.349025	37.000000
5219.974608	37.000000
5247.943954	36.000000
5253.593730	36.000000
5259.217316	36.000000
5264.845977	36.000000
5270.469562	36.000000
5276.119131	36.000000
5281.747203	36.000000
5287.371788	36.000000
5292.997372	36.000000
5298.622516	36.000000
5304.250171	36.000000
5309.875754	36.000000
5315.501565	36.000000
5321.127150	36.000000
5326.753278	36.000000
5332.376863	36.000000
5360.487575	37.000000
5366.113163	37.000000
5371.734750	37.000000
5377.383319	37.000000
5383.007903	37.000000
5388.634483	37.000000
5394.258069	37.000000
5399.883652	37.000000
5405.507238	37.000000
5411.131820	37.000000
5416.781387	37.000000
5422.411551	37.000000
5428.037431	37.000000
5433.677073	37.000000
5439.303655	37.000000
5444.928237	37.000000
5450.554760	37.000000
5456.249917	38.000000
5461.874500	38.000000
5467.499083	38.000000
5473.125663	38.000000
5478.779764	38.000000
5489.447448	30.000000
5728.765965	6.000000
5735.183335	17.000000
5741.442793	26.000000
5747.559706	33.000000
5753.679986	40.000000
5759.726311	46.000000
5771.096735	48.000000
5781.839880	41.000000
5792.579354	34.000000
5797.922632	30.000000
5813.777471	16.000000
5818.982307	10.000000
5824.256102	5.000000
5869.906517	16.000000
5876.653766	32.000000
5883.469623	49.000000
5890.217522	65.000000
5963.370936	69.000000
5968.016113	55.000000
5977.354437	28.000000
5986.692052	1.000000
6026.299831	6.000000
6032.370141	12.000000
6038.490420	19.000000
6044.604702	26.000000
6050.660107	32.000000
6056.778387	39.000000
6062.824710	45.000000
6068.869035	51.000000
6074.913361	57.000000
6080.962682	63.000000
6086.940162	68.000000
6092.915701	73.000000
6098.892068	78.000000
6272.572884	77.000000
6277.919634	73.000000
6283.268579	69.000000
6288.612931	65.000000
6293.984843	61.000000
6299.329594	57.000000
6304.604387	52.000000
6309.950182	48.000000
6320.549778	39.000000
6325.894526	35.000000
6331.268713	30.000000
6336.615460	26.000000
6347.214536	17.000000
6352.559145	13.000000
6357.905002	9.000000
6469.516222	2.000000
6475.352672	5.000000
6481.259079	9.000000
6487.094891	12.000000
6493.001297	16.000000
6498.835749	19.000000
6510.559011	26.000000
6522.277883	33.000000
6528.114332	36.000000
6533.951279	39.000000
6545.601478	45.000000
6551.437927	48.000000
6557.295365	51.000000
6568.880318	56.000000
6574.647017	58.000000
6574.762947	59.000000
6580.545429	61.000000
6586.309923	63.000000
6597.749492	66.000000
6603.513986	68.000000
6609.211791	69.000000
6614.906326	70.000000
6620.604014	71.000000
6626.297407	72.000000
6631.922362	72.000000
6637.618449	73.000000
6643.245025	73.000000
6648.869765	73.000000
6654.506667	73.000000
6665.668214	72.000000
6676.827424	71.000000
6682.384481	70.000000
6687.939101	69.000000
6693.425763	67.000000
6698.980382	66.000000
6710.000445	63.000000
6715.486331	61.000000
6720.992979	59.000000
6726.482639	57.000000
6731.969301	55.000000
6737.478948	53.000000
6742.965766	51.000000
6748.451965	49.000000
6753.940580	47.000000
6759.378271	44.000000
6764.866931	42.000000
6770.283553	39.000000
6775.768215	37.000000
6786.648743	32.000000
6797.529258	27.000000
6803.013920	25.000000
6808.428626	22.000000
6813.915287	20.000000
6824.794093	15.000000
6830.280028	13.000000
6835.766690	11.000000
6841.252510	9.000000
6857.666757	3.000000
6863.176742	1.000000
7020.057059	0.000000
7025.751593	1.000000
7031.517501	3.000000
7037.283990	5.000000
7042.978525	6.000000
7048.745015	8.000000
7054.509506	10.000000
7060.299141	12.000000
7066.065197	14.000000
7071.831666	16.000000
7077.597418	18.000000
7083.365907	20.000000
7089.133397	22.000000
7094.899887	24.000000
7100.665656	26.000000
7112.106565	29.000000
7117.873055	31.000000
7123.665529	33.000000
7129.432019	35.000000
7135.129378	36.000000
7140.893870	38.000000
7152.338085	41.000000
7158.034618	42.000000
7163.799109	44.000000
7169.496390	45.000000
7175.192922	46.000000
7180.887456	47.000000
7186.583989	48.000000
7192.281039	49.000000
7197.975573	50.000000
7203.602149	50.000000
7209.299170	51.000000
7214.948730	51.000000
7220.642265	52.000000
7226.266137	52.000000
7231.890304	52.000000
7237.512926	52.000000
7243.137674	52.000000
7248.760251	52.000000
7254.383859	52.000000
7259.935479	51.000000
7265.559872	51.000000
7276.720550	50.000000
7282.274284	49.000000
7293.429493	48.000000
7298.983112	47.000000
7304.534732	46.000000
7310.089573	45.000000
7321.105558	42.000000
7326.662276	41.000000
7332.213896	40.000000
7337.765517	39.000000
7343.249960	37.000000
7348.805884	36.000000
7354.357504	35.000000
7359.845164	33.000000
7365.400781	32.000000
7370.912691	30.000000
7376.469303	29.000000
7387.488930	26.000000
7404.042405	22.000000
7409.530815	20.000000
7415.089723	19.000000
7420.673323	18.000000
7431.693614	15.000000
7437.251053	14.000000
7442.806671	13.000000
7448.364287	12.000000
7453.920794	11.000000
7459.478411	10.000000
7465.035060	9.000000
7470.591208	8.000000
7481.750414	7.000000
7487.307169	6.000000
7498.472861	5.000000
7504.098437	5.000000
7509.653055	4.000000
7515.278629	4.000000
7520.928297	4.000000
7526.555870	4.000000
7532.206177	4.000000
7537.835749	4.000000
7543.462508	4.000000
7549.090081	4.000000
7560.416572	5.000000
7566.042147	5.000000
7571.739677	6.000000
7577.365251	6.000000
7583.066625	7.000000
7588.772211	8.000000
7594.399784	8.000000
7600.095315	9.000000
7605.792846	10.000000
7611.488378	11.000000
7617.185551	12.000000
7622.883081	13.000000
7628.579691	14.000000
7634.278333	15.000000
7639.977862	16.000000
7645.704374	17.000000
7651.399906	18.000000
7657.097436	19.000000
7662.794306	20.000000
7668.491836	21.000000
7679.932531	24.000000
7685.650050	25.000000
7691.363571	26.000000
7697.060447	27.000000
7702.757977	28.000000
7708.455157	29.000000
7714.150688	30.000000
7719.847743	31.000000
7725.569195	32.000000
7731.270047	33.000000
7736.967430	34.000000
7748.267548	35.000000
7753.963079	36.000000
7759.660610	37.000000
7765.288524	37.000000
7770.986054	38.000000
7782.286173	39.000000
7787.935732	39.000000
7793.632675	40.000000
7799.261416	40.000000
7804.886991	40.000000
7816.188426	41.000000
7821.837985	41.000000
7827.472471	41.000000
7833.098044	41.000000
7838.726753	41.000000
7844.282369	40.000000
7849.911102	40.000000
7855.538026	40.000000
7861.163599	40.000000
7866.721214	39.000000
7872.348495	39.000000
7883.508697	38.000000
7894.670290	37.000000
7900.226602	36.000000
7905.854369	36.000000
7911.409984	35.000000
7916.968827	34.000000
7922.619386	34.000000
7928.177000	33.000000
7933.760599	32.000000
7939.318646	31.000000
7950.480648	30.000000
7956.038263	29.000000
7961.597876	28.000000
7967.155490	27.000000
7978.314712	26.000000
7983.873633	25.000000
7989.429248	24.000000
8006.123609	22.000000
8011.680358	21.000000
8017.237973	20.000000
8022.793588	19.000000
8028.420238	19.000000
8033.975853	18.000000
8039.603168	18.000000
8045.160244	17.000000
8056.320445	16.000000
8067.482388	15.000000
8073.135647	15.000000
8078.691262	14.000000
8084.318081	14.000000
8089.945653	14.000000
8101.105511	13.000000
8106.733082	13.000000
8112.362651	13.000000
8117.991963	13.000000
8123.617535	13.000000
8129.246040	13.000000
8134.871612	13.000000
8140.499183	13.000000
8146.124754	13.000000
8151.828426	14.000000
8157.455563	14.000000
8163.082298	14.000000
8174.382412	15.000000
8180.009983	15.000000
8191.310545	16.000000
8202.611881	17.000000
8213.912869	18.000000
8219.636466	19.000000
8225.262038	19.000000
8230.959566	20.000000
8242.260678	21.000000
8247.957362	22.000000
8253.582933	22.000000
8264.981199	24.000000
8270.608770	24.000000
8276.305629	25.000000
8287.605742	26.000000
8293.303756	27.000000
8298.931327	27.000000
8304.626856	28.000000
8315.929958	29.000000
8327.235292	30.000000
8338.537475	31.000000
8344.163046	31.000000
8349.860574	32.000000
8355.486146	32.000000
8361.114950	32.000000
8366.810479	33.000000
8372.466033	33.000000
8378.092726	33.000000
8383.744282	33.000000
8389.443809	34.000000
8395.070742	34.000000
8400.699429	34.000000
8406.349986	34.000000
8411.977656	34.000000
8417.602918	34.000000
8423.231622	34.000000
8428.861731	34.000000
8434.487302	34.000000
8440.114873	34.000000
8445.670486	33.000000
8451.299056	33.000000
8456.925858	33.000000
8462.550430	33.000000
8468.178471	33.000000
8473.736084	32.000000
8479.361655	32.000000
8484.989225	32.000000
8490.544839	31.000000
8496.196394	31.000000
8507.355791	30.000000
8512.982496	30.000000
8518.539304	29.000000
8524.167874	29.000000
8529.747352	28.000000
8535.380425	28.000000
8540.938038	27.000000
8546.564939	27.000000
8552.121552	26.000000
8557.748379	26.000000
8563.303994	25.000000
8568.954790	25.000000
8574.516400	24.000000
8580.142097	24.000000
8602.440639	22.000000
8608.067451	22.000000
8613.623064	21.000000
8619.250635	21.000000
8630.410832	20.000000
8636.036403	20.000000
8641.631299	19.000000
8647.257993	19.000000
8652.884563	19.000000
8658.512133	19.000000
8664.067747	18.000000
8669.720193	18.000000
8675.352057	18.000000
8680.979627	18.000000
8686.606401	18.000000
8692.231973	18.000000
8703.392800	17.000000
8709.019147	17.000000
8714.644718	17.000000
8720.270288	17.000000
8725.897857	17.000000
8742.807254	18.000000
8748.433926	18.000000
8754.061494	18.000000
8759.686918	18.000000
8765.314487	18.000000
8776.614223	19.000000
8782.266502	19.000000
8787.895669	19.000000
8799.223319	20.000000
8804.850888	20.000000
8816.150319	21.000000
8821.777616	21.000000
8833.081724	22.000000
8838.709293	22.000000
8861.289077	24.000000
8866.917737	24.000000
8878.218946	25.000000
8883.844731	25.000000
8889.540259	26.000000
8895.167828	26.000000
8900.793398	26.000000
8906.492622	27.000000
8912.121720	27.000000
8917.749290	27.000000
8929.048677	28.000000
8934.676247	28.000000
8940.302864	28.000000
8951.629023	29.000000
8957.257805	29.000000
8962.883375	29.000000
8968.510944	29.000000
8985.413639	30.000000
8991.042267	30.000000
8996.673920	30.000000
9002.300421	30.000000
9007.925991	30.000000
9013.551560	30.000000
9019.177130	30.000000
9024.803930	30.000000
9030.433902	30.000000
9036.066016	30.000000
9052.830320	29.000000
9058.457315	29.000000
9064.084235	29.000000
9069.711802	29.000000
9075.337371	29.000000
9080.894982	28.000000
9086.522075	28.000000
9092.175627	28.000000
9097.804318	28.000000
9108.964512	27.000000
9114.590081	27.000000
9120.219682	27.000000
9125.775294	26.000000
9131.431264	26.000000
9137.059831	26.000000
9142.686399	26.000000
9148.247599	25.000000
9153.873168	25.000000
9159.499736	25.000000
9165.058858	24.000000
9170.685949	24.000000
9176.311519	24.000000
9209.815803	22.000000
9215.444488	22.000000
9221.070058	22.000000
9226.698625	22.000000
9237.859719	21.000000
9243.486286	21.000000
9249.113853	21.000000
9254.763408	21.000000
9260.416217	21.000000
9277.183653	20.000000
9282.811221	20.000000
9288.436790	20.000000
9294.089343	20.000000
9299.716176	20.000000
9305.344639	20.000000
9310.970208	20.000000
9316.597775	20.000000
9322.224342	20.000000
9327.852910	20.000000
9344.756711	21.000000
9350.384347	21.000000
9356.012913	21.000000
9361.640652	21.000000
9367.268219	21.000000
9372.894787	21.000000
9384.195146	22.000000
9389.824999	22.000000
9395.453280	22.000000
9401.105832	22.000000
9434.891699	24.000000
9440.519267	24.000000
9446.147062	24.000000
9451.772631	24.000000
9457.491142	25.000000
9463.121708	25.000000
9468.749275	25.000000
9474.374844	25.000000
9480.072786	26.000000
9485.700047	26.000000
9491.327142	26.000000
9496.978694	26.000000
9502.609260	26.000000
9508.310883	27.000000
9513.937633	27.000000
9519.564201	27.000000
9525.191393	27.000000
9530.818960	27.000000
9547.777644	28.000000
9553.406411	28.000000
9559.059827	28.000000
9564.686917	28.000000
9570.314013	28.000000
9575.941581	28.000000
9581.567150	28.000000
9587.219821	28.000000
9592.850387	28.000000
9598.477954	28.000000
9604.104339	28.000000
9609.732905	28.000000
9615.359705	28.000000
9620.987581	28.000000
9626.615147	28.000000
9632.246367	28.000000
9637.871934	28.000000
9643.497502	28.000000
9649.126516	28.000000
9654.754051	28.000000
9671.518297	27.000000
9677.143864	27.000000
9682.769432	27.000000
9688.419984	27.000000
9694.045155	27.000000
9705.235512	26.000000
9710.863079	26.000000
9716.488646	26.000000
9722.116306	26.000000
9727.748070	26.000000
9733.303680	25.000000
9738.931246	25.000000
9744.558001	25.000000
9750.187765	25.000000
9755.814858	25.000000
9761.371850	24.000000
9766.999417	24.000000
9772.624984	24.000000
9778.252550	24.000000
9783.878062	24.000000
9839.801720	22.000000
9845.429850	22.000000
9851.057415	22.000000
9856.683982	22.000000
9862.340530	22.000000
9867.972671	22.000000
9873.600767	22.000000
9879.227419	22.000000
9884.854985	22.000000
9890.480552	22.000000
9896.112540	22.000000
9901.740550	22.000000
9907.369115	22.000000
9912.995681	22.000000
9918.622777	22.000000
9924.251342	22.000000
9929.876903	22.000000
9935.508657	22.000000
9941.134223	22.000000
9946.759790	22.000000
9952.385357	22.000000
9958.011923	22.000000
10014.218717	24.000000
10019.846282	24.000000
10025.473433	24.000000
10031.099000	24.000000
10036.750550	24.000000
10042.377823	24.000000
10053.678044	25.000000
10059.305610	25.000000
10064.933704	25.000000
10070.588253	25.000000
10076.217118	25.000000
10081.844917	25.000000
10087.471483	25.000000
10093.169006	26.000000
10098.796805	26.000000
10104.424371	26.000000
10110.056038	26.000000
10115.682605	26.000000
10121.309229	26.000000
10126.935795	26.000000
10132.563361	26.000000
10138.197093	26.000000
10143.826493	26.000000
10149.453059	26.000000
10155.081624	26.000000
10172.009294	27.000000
10177.660845	27.000000
10183.293876	27.000000
10188.920442	27.000000
10194.549007	27.000000
10200.200558	27.000000
10205.829426	27.000000
10222.594389	26.000000
10228.222038	26.000000
10233.851715	26.000000
10239.478280	26.000000
10245.105845	26.000000
10250.734571	26.000000
10256.361136	26.000000
10261.990096	26.000000
10267.616662	26.000000
10273.245369	26.000000
10278.873934	26.000000
10284.501782	26.000000
10295.661971	25.000000
10301.290535	25.000000
10306.942086	25.000000
10312.570651	25.000000
10318.195745	25.000000
10323.825224	25.000000
10329.452789	25.000000
10335.100342	25.000000
10340.732904	25.000000
10351.892294	24.000000
10357.521680	24.000000
10363.149292	24.000000
10368.777856	24.000000
10374.404422	24.000000
10380.056971	24.000000
10385.689166	24.000000
10391.318910	24.000000
10396.947474	24.000000
10402.574121	24.000000
10408.200687	24.000000
10565.132818	24.000000
10570.761381	24.000000
10576.387947	24.000000
10582.038589	24.000000
10587.667153	24.000000
10593.297454	24.000000
10598.925209	24.000000
10604.551773	24.000000
10610.201324	24.000000
10615.831888	24.000000
10621.459451	24.000000
10627.088635	24.000000
10632.715200	24.000000
10649.620303	25.000000
10655.248866	25.000000
10660.876682	25.000000
10666.506377	25.000000
10672.134156	25.000000
10677.760721	25.000000
10683.389285	25.000000
10689.015899	25.000000
10694.644463	25.000000
10700.271027	25.000000
10705.898864	25.000000
10711.551927	25.000000
10717.178491	25.000000
10722.833039	25.000000
10728.459604	25.000000
10734.085170	25.000000
10739.714959	25.000000
10745.345453	25.000000
10750.974305	25.000000
10756.600394	25.000000
10762.226960	25.000000
10767.855776	25.000000
10773.484340	25.000000
10779.112164	25.000000
10784.738729	25.000000
10790.367293	25.000000
10795.994858	25.000000
10801.627596	25.000000
10807.255816	25.000000
10812.883576	25.000000
10818.510140	25.000000
10824.138702	25.000000
10829.796604	25.000000
10835.426167	25.000000
10841.052730	25.000000
10846.681661	25.000000
10852.310224	25.000000
10857.936788	25.000000
10863.569348	25.000000
10869.195667	25.000000
10874.824230	25.000000
10880.452379	25.000000
10886.078943	25.000000
10891.708711	25.000000
10897.335274	25.000000
10919.708845	24.000000
10925.337553	24.000000
10930.966177	24.000000
10936.592741	24.000000
10942.219306	24.000000
10947.845870	24.000000
10953.477773	24.000000
10959.106336	24.000000
10964.732900	24.000000
10970.385448	24.000000
10976.013111	24.000000
10981.641674	24.000000
10987.269131	24.000000
10992.899691	24.000000
10998.554238	24.000000
11004.182802	24.000000
11009.810364	24.000000
11015.438927	24.000000
11021.067387	24.000000
11026.695951	24.000000
11032.322515	24.000000
11037.951077	24.000000
11043.577641	24.000000
11049.206787	24.000000
11054.834616	24.000000
11060.463179	24.000000
11066.091278	24.000000
11071.723056	24.000000
11077.351619	24.000000
11082.978183	24.000000
11088.631731	24.000000
11094.280954	24.000000
11099.913515	24.000000
11105.542522	24.000000
11111.170616	24.000000
11116.822164	24.000000
11122.450727	24.000000
11128.092637	24.000000
11133.721142	24.000000
11139.347706	24.000000
11144.976268	24.000000
11150.604383	24.000000
11156.231946	24.000000
11161.858951	24.000000
11167.488422	24.000000
11173.114986	24.000000
11178.743548	24.000000
11184.370112	24.000000
11189.999750	24.000000
11195.630071	24.000000
11201.258634	24.000000
11206.923174	24.000000
11212.551736	24.000000
11218.182100	24.000000
11223.808664	24.000000
11229.437534	24.000000
11235.087082	24.000000
11240.719733	24.000000
11246.348295	24.000000
11251.974858	24.000000
11257.603421	24.000000
11263.229984	24.000000
11268.857761	24.000000
11274.510309	24.000000
11280.140870	24.000000
11285.770782	24.000000
11291.397346	24.000000
11297.025908	24.000000
11302.653687	24.000000
11308.281822	24.000000
11313.911980	24.000000
11319.538543	24.000000
11325.192091	24.000000
11330.820181	24.000000
11336.447843	24.000000
11342.074407	24.000000
11347.702391	24.000000
11353.352939	24.000000
11358.986498	24.000000
11364.613062	24.000000
11370.242878	24.000000
11375.871541	24.000000
11381.498950	24.000000
11387.131539	24.000000
11392.758102	24.000000
11398.386664	24.000000
11404.014817	24.000000
11409.642895	24.000000
11415.270612	24.000000
11420.897176	24.000000
11426.523738	24.000000
11432.152425	24.000000
11437.780986	24.000000
11443.436832	24.000000
11449.065393	24.000000
11454.724936	24.000000
11460.352819	24.000000
11465.981381	24.000000
11471.610209	24.000000
11477.241991	24.000000
11482.871552	24.000000
11488.498115	24.000000
11819.167854	24.000000
11824.794619	24.000000
11830.423202	24.000000
11836.049764	24.000000
11841.679324	24.000000
11847.305886	24.000000
11852.934447	24.000000
11858.562114	24.000000
11869.795389	24.000000
11881.026526	24.000000
11937.095023	24.000000
11948.395511	25.000000
12029.256829	58.000000
12036.942794	7.000000
12062.604627	53.000000
12131.484848	76.000000
12141.385938	57.000000
12146.312926	47.000000
12151.243914	37.000000
12156.243066	28.000000
12161.169056	18.000000
12166.167142	9.000000
12210.741120	5.000000
12216.998296	14.000000
12229.420705	31.000000
12235.682878	40.000000
12241.871097	48.000000
12248.058792	56.000000
12254.249635	64.000000
12260.437854	72.000000
12495.903243	73.000000
12501.180017	68.000000
12506.388834	62.000000
12511.665609	57.000000
12516.899169	51.000000
12522.177496	46.000000
12527.385533	40.000000
12532.662307	35.000000
12543.122914	24.000000
12548.429202	19.000000
12553.707365	14.000000
12558.984793	9.000000
12564.261568	4.000000
12654.031784	5.000000
12659.939712	9.000000
12665.919458	14.000000
12671.825715	18.000000
12689.640826	32.000000
12695.620314	37.000000
12701.527962	41.000000
12713.390710	50.000000
12719.297100	54.000000
12725.203490	58.000000
12731.111441	62.000000
12737.020235	66.000000
12742.951609	70.000000
12748.814026	73.000000
12754.726452	77.000000
12917.334513	78.000000
12928.301807	73.000000
12933.744912	70.000000
12939.161600	67.000000
12944.579540	64.000000
12949.998227	61.000000
12955.424027	58.000000
12960.840715	55.000000
12966.257469	52.000000
12976.998991	45.000000
12982.420778	42.000000
12987.839466	39.000000
12993.256154	36.000000
12998.676775	33.000000
13009.488923	27.000000
13014.908872	24.000000
13020.323562	21.000000
13025.739775	18.000000
13031.179450	15.000000
13036.665685	13.000000
13042.080375	10.000000
13047.566593	8.000000
13053.052323	6.000000
13069.484277	0.000000
13192.864419	1.000000
13198.558938	2.000000
13204.325412	4.000000
13210.089888	6.000000
13215.927558	9.000000
13221.693174	11.000000
13227.482058	13.000000
13233.253733	15.000000
13239.092451	18.000000
13244.858926	20.000000
13256.437845	25.000000
13262.273690	28.000000
13273.854649	33.000000
13279.691080	36.000000
13285.463386	38.000000
13291.326891	41.000000
13297.097423	43.000000
13308.680439	48.000000
13314.447912	50.000000
13320.217384	52.000000
13337.498373	58.000000
13337.598312	59.000000
13343.288832	60.000000
13349.056306	62.000000
13354.827811	64.000000
13360.526870	65.000000
13366.294704	67.000000
13371.994219	68.000000
13377.693292	69.000000
13383.390809	70.000000
13389.091322	71.000000
13400.394846	72.000000
13406.094361	73.000000
13411.746905	73.000000
13417.377462	73.000000
13423.005021	73.000000
13428.634579	73.000000
13434.263912	73.000000
13439.920664	73.000000
13445.478266	72.000000
13456.640179	71.000000
13462.197781	70.000000
13467.783366	69.000000
13473.350350	68.000000
13478.912321	67.000000
13484.471074	66.000000
13490.028676	65.000000
13495.518319	63.000000
13501.075920	62.000000
13506.564835	60.000000
13512.124434	59.000000
13517.642306	57.000000
13523.129951	55.000000
13534.154424	52.000000
13539.643406	50.000000
13545.131050	48.000000
13550.620693	46.000000
13561.643951	43.000000
13567.131595	41.000000
13572.620491	39.000000
13578.109356	37.000000
13583.599000	35.000000
13594.625072	32.000000
13600.139225	30.000000
13605.628735	28.000000
13611.189222	27.000000
13616.678118	25.000000
13622.235718	24.000000
13627.723362	22.000000
13633.280963	21.000000
13638.798110	19.000000
13644.357082	18.000000
13649.916681	17.000000
13655.474282	16.000000
13661.034138	15.000000
13666.593738	14.000000
13672.151339	13.000000
13683.314709	12.000000
13688.875308	11.000000
13694.502381	11.000000
13705.667426	10.000000
13711.294984	10.000000
13716.929082	10.000000
13722.556649	10.000000
13728.205194	10.000000
13733.908706	11.000000
13739.536264	11.000000
13750.838992	12.000000
13756.563162	13.000000
13767.865249	14.000000
13773.564763	15.000000
13779.262280	16.000000
13784.963134	17.000000
13790.661707	18.000000
13796.359357	19.000000
13802.126830	21.000000
13807.826344	22.000000
13819.269292	25.000000
13824.966806	26.000000
13836.411750	29.000000
13842.109266	30.000000
13847.902722	32.000000
13853.609231	33.000000
13859.379313	35.000000
13865.078827	36.000000
13870.870285	38.000000
13876.598555	39.000000
13888.041598	42.000000
13893.740367	43.000000
13899.509839	45.000000
13905.207353	46.000000
13910.904868	47.000000
13916.604382	48.000000
13922.303942	49.000000
13945.025155	53.000000
13950.724669	54.000000
13956.427408	55.000000
13962.125094	56.000000
13967.755853	56.000000
13973.453368	57.000000
13979.082925	57.000000
13984.780439	58.000000
13990.409996	58.000000
13996.039591	58.000000
14001.694133	58.000000
14007.322690	58.000000
14012.951508	58.000000
14018.586061	58.000000
14024.213619	58.000000
14029.844426	58.000000
14041.006598	57.000000
14046.634155	57.000000
14052.191756	56.000000
14057.844354	56.000000
14063.405951	55.000000
14068.966648	54.000000
14074.594206	54.000000
14080.155723	53.000000
14085.713324	52.000000
14091.272923	51.000000
14096.829524	50.000000
14102.389748	49.000000
14107.972334	48.000000
14113.534138	47.000000
14119.091528	46.000000
14124.651127	45.000000
14130.212329	44.000000
14135.772344	43.000000
14141.334941	42.000000
14146.893639	41.000000
14152.453238	40.000000
14158.011837	39.000000
14163.571436	38.000000
14169.130503	37.000000
14174.688103	36.000000
14185.711686	33.000000
14202.411683	31.000000
14207.970301	30.000000
14213.529899	29.000000
14219.087499	28.000000
14224.675082	27.000000
14235.838388	26.000000
14241.400914	25.000000
14252.563085	24.000000
14274.864765	22.000000
14280.521305	22.000000
14286.150861	22.000000
14291.778418	22.000000
14297.407098	22.000000
14303.065635	22.000000
14308.693192	22.000000
14314.323977	22.000000
14319.954926	22.000000
14325.585070	22.000000
14331.212626	22.000000
14353.794391	24.000000
14359.423350	24.000000
14365.122396	25.000000
14370.819911	26.000000
14376.473451	26.000000
14382.172337	27.000000
14393.474422	28.000000
14399.171937	29.000000
14404.870450	30.000000
14410.569245	31.000000
14416.198093	31.000000
14421.898923	32.000000
14427.596437	33.000000
14433.295766	34.000000
14438.996702	35.000000
14444.721200	36.000000
14456.024070	37.000000
14461.721584	38.000000
14467.421098	39.000000
14473.119611	40.000000
14484.421703	41.000000
14490.119218	42.000000
14495.847895	43.000000
14507.150980	44.000000
14512.850493	45.000000
14524.152802	46.000000
14529.852581	47.000000
14535.481663	47.000000
14546.784371	48.000000
14552.413927	48.000000
14558.115978	49.000000
14563.745079	49.000000
14569.372636	49.000000
14575.003191	49.000000
14580.700706	50.000000
14586.331424	50.000000
14591.979881	50.000000
14597.614010	50.000000
14603.244566	50.000000
14608.873123	50.000000
14620.062335	49.000000
14625.692223	49.000000
14631.323021	49.000000
14636.950578	49.000000
14642.508178	48.000000
14648.135736	48.000000
14659.300620	47.000000
14664.930176	47.000000
14670.487776	46.000000
14676.117445	46.000000
14681.677128	45.000000
14687.305685	45.000000
14692.865284	44.000000
14704.052607	43.000000
14709.615204	42.000000
14715.245288	42.000000
14720.804008	41.000000
14726.388591	40.000000
14732.047027	40.000000
14737.606626	39.000000
14748.769794	38.000000
14754.327394	37.000000
14759.957997	37.000000
14765.516848	36.000000
14776.678019	35.000000
14782.235719	34.000000
14787.866274	34.000000
14793.423873	33.000000
14799.057543	33.000000
14804.615839	32.000000
14810.245395	32.000000
14815.803994	31.000000
14821.434548	31.000000
14832.596718	30.000000
14838.228696	30.000000
14849.391493	29.000000
14855.047032	29.000000
14860.674589	29.000000
14866.305144	29.000000
14871.940199	29.000000
14911.192107	29.000000
14916.822195	29.000000
14922.452690	29.000000
14928.080246	29.000000
14933.710801	29.000000
14939.434653	30.000000
14945.072849	30.000000
14950.701405	30.000000
14956.400918	31.000000
14962.030517	31.000000
14967.660073	31.000000
14973.358586	32.000000
14978.989810	32.000000
14990.291894	33.000000
14995.948434	33.000000
15001.647946	34.000000
15007.276503	34.000000
15012.974527	35.000000
15018.603642	35.000000
15024.304342	36.000000
15029.936895	36.000000
15035.637125	37.000000
15041.272316	37.000000
15046.970946	38.000000
15052.601501	38.000000
15058.300013	39.000000
15063.930567	39.000000
15075.233226	40.000000
15080.864435	40.000000
15086.563947	41.000000
15092.191504	41.000000
15103.494586	42.000000
15109.125141	42.000000
15120.454426	43.000000
15126.082982	43.000000
15131.713536	43.000000
15143.014981	44.000000
15148.673518	44.000000
15154.303544	44.000000
15159.936315	44.000000
15165.565870	44.000000
15171.222408	44.000000
15176.852962	44.000000
15182.481518	44.000000
15188.112780	44.000000
15193.741335	44.000000
15199.372322	44.000000
15205.002876	44.000000
15210.630432	44.000000
15216.260986	44.000000
15221.889918	44.000000
15227.545456	44.000000
15238.705626	43.000000
15244.337299	43.000000
15249.965855	43.000000
15261.131374	42.000000
15266.759929	42.000000
15272.390483	42.000000
15277.949423	41.000000
15283.577979	41.000000
15289.208974	41.000000
15294.766573	40.000000
15300.421112	40.000000
15311.582281	39.000000
15317.212835	39.000000
15328.376475	38.000000
15334.009391	38.000000
15339.567989	37.000000
15345.196544	37.000000
15350.864075	37.000000
15356.424768	36.000000
15362.055075	36.000000
15367.685629	36.000000
15373.244227	35.000000
15378.873918	35.000000
15384.504247	35.000000
15395.668750	34.000000
15401.299134	34.000000
15406.929224	34.000000
15412.489820	33.000000
15418.118374	33.000000
15423.750079	33.000000
15429.379923	33.000000
15435.029466	33.000000
15446.197647	32.000000
15451.828200	32.000000
15457.456755	32.000000
15463.124825	32.000000
15468.753749	32.000000
15474.384303	32.000000
15480.012858	32.000000
15485.643411	32.000000
15491.271966	32.000000
15496.902520	32.000000
15502.531929	32.000000
15508.162899	32.000000
15519.466798	33.000000
15525.095353	33.000000
15530.725906	33.000000
15536.355805	33.000000
15542.007347	33.000000
15547.642896	33.000000
15553.342605	34.000000
15558.973159	34.000000
15564.624572	34.000000
15575.957809	35.000000
15581.588363	35.000000
15587.216917	35.000000
15598.521179	36.000000
15604.151011	36.000000
15609.781565	36.000000
15615.480077	37.000000
15621.110110	37.000000
15626.740665	37.000000
15638.046002	38.000000
15643.677234	38.000000
15649.306788	38.000000
15655.004301	39.000000
15660.632855	39.000000
15666.261411	39.000000
15671.889965	39.000000
15683.195325	40.000000
15688.823880	40.000000
15694.482417	40.000000
15700.110971	40.000000
15711.415391	41.000000
15717.047944	41.000000
15722.679497	41.000000
15728.309158	41.000000
15733.939711	41.000000
15739.568266	41.000000
15745.198161	41.000000
15750.852699	41.000000
15756.485252	41.000000
15762.117732	41.000000
15767.746287	41.000000
15773.378075	41.000000
15779.007923	41.000000
15784.637476	41.000000
15790.268030	41.000000
15795.896584	41.000000
15801.527493	41.000000
15807.180034	41.000000
15812.810587	41.000000
15818.441571	41.000000
15824.072531	41.000000
15829.701086	41.000000
15840.869250	40.000000
15846.499803	40.000000
15852.129539	40.000000
15857.758093	40.000000
15863.388399	40.000000
15874.550567	39.000000
15880.182503	39.000000
15885.812577	39.000000
15891.443130	39.000000
15897.001728	38.000000
15902.632282	38.000000
15908.263049	38.000000
15913.891603	38.000000
15925.079731	37.000000
15930.710283	37.000000
15936.339871	37.000000
15941.970425	37.000000
15953.161386	36.000000
15958.791132	36.000000
15964.421685	36.000000
15970.054237	36.000000
15975.712773	36.000000
15981.271370	35.000000
15986.902967	35.000000
15992.532413	35.000000
15998.162966	35.000000
16003.794461	35.000000
16009.425014	35.000000
16015.053568	35.000000
16020.684121	35.000000
16037.452076	34.000000
16043.107554	34.000000
16048.736109	34.000000
16054.366662	34.000000
16059.996291	34.000000
16065.626843	34.000000
16071.255398	34.000000
16076.885951	34.000000
16082.515611	34.000000
16088.144165	34.000000
16105.053205	35.000000
16110.681759	35.000000
16116.337298	35.000000
16121.968590	35.000000
16127.599793	35.000000
16133.230662	35.000000
16138.860589	35.000000
16144.490683	35.000000
16155.793763	36.000000
16161.452299	36.000000
16167.082284	36.000000
16172.711115	36.000000
16178.341669	36.000000
16183.973744	36.000000
16195.277824	37.000000
16200.906466	37.000000
16206.537018	37.000000
16212.166754	37.000000
16217.795307	37.000000
16229.098646	38.000000
16234.729962	38.000000
16240.362319	38.000000
16245.991871	38.000000
16251.643411	38.000000
16257.277047	38.000000
16268.580126	39.000000
16274.211407	39.000000
16279.864945	39.000000
16285.495178	39.000000
16291.125730	39.000000
16296.754283	39.000000
16302.385877	39.000000
16308.015678	39.000000
16341.731455	40.000000
16347.362526	40.000000
16352.993079	40.000000
16358.622633	40.000000
16364.256338	40.000000
16397.835092	39.000000
16403.466751	39.000000
16409.120551	39.000000
16414.753102	39.000000
16420.383655	39.000000
16426.012209	39.000000
16431.666275	39.000000
16437.329806	39.000000
16442.958360	39.000000
16454.122858	38.000000
16459.754210	38.000000
16465.385183	38.000000
16471.014736	38.000000
16476.646335	38.000000
16482.282201	38.000000
16487.910755	38.000000
16499.073920	37.000000
16504.704472	37.000000
16510.333026	37.000000
16515.962877	37.000000
16521.592621	37.000000
16527.222537	37.000000
16532.853599	37.000000
16549.620797	36.000000
16555.251349	36.000000
16560.881902	36.000000
16566.535590	36.000000
16572.166142	36.000000
16577.799693	36.000000
16583.430246	36.000000
16589.060982	36.000000
16594.689536	36.000000
16600.324294	36.000000
16605.952847	36.000000
16611.606698	36.000000
16673.275414	36.000000
16678.905966	36.000000
16684.534520	36.000000
16690.165570	36.000000
16695.797246	36.000000
16701.425800	36.000000
16707.056085	36.000000
16712.685637	36.000000
16718.316190	36.000000
16723.973231	36.000000
16729.601786	36.000000
16735.233337	36.000000
16740.862950	36.000000
16746.494503	36.000000
16763.407339	37.000000
16769.037721	37.000000
16774.667659	37.000000
16780.297740	37.000000
16785.927469	37.000000
16791.558024	37.000000
16797.187903	37.000000
16802.816457	37.000000
16808.447009	37.000000
16814.075562	37.000000
16825.380490	38.000000
16831.011403	38.000000
16836.639722	38.000000
16842.298624	38.000000
16847.927178	38.000000
16853.557285	38.000000
16859.185839	38.000000
16864.843630	38.000000
16870.472183	38.000000
16876.103939	38.000000
16881.732492	38.000000
16887.390415	38.000000
16893.020967	38.000000
16898.649519	38.000000
16977.129974	38.000000
16982.760527	38.000000
16988.389079	38.000000
16994.019631	38.000000
16999.647186	38.000000
17005.279987	38.000000
17010.911036	38.000000
17016.565932	38.000000
17022.194485	38.000000
17027.826037	38.000000
17033.454590	38.000000
17039.085450	38.000000
17044.716002	38.000000
17050.346008	38.000000
17055.974561	38.000000
17061.603114	38.000000
17072.765851	37.000000
17078.395747	37.000000
17084.051209	37.000000
17089.681761	37.000000
17095.313286	37.000000
17100.943839	37.000000
17106.572971	37.000000
17112.202724	37.000000
17117.837189	37.000000
17123.497723	37.000000
17129.127833	37.000000
17134.757834	37.000000
17140.387924	37.000000
17146.017318	37.000000
17168.387619	36.000000
17174.018170	36.000000
17179.649573	36.000000
17185.278127	36.000000
17190.906682	36.000000
17196.535236	36.000000
17202.166871	36.000000
17207.797946	36.000000
17213.429498	36.000000
17219.080212	36.000000
17224.716858	36.000000
17230.345410	36.000000
17235.975963	36.000000
17241.632498	36.000000
17247.261672	36.000000
17252.891802	36.000000
17258.520355	36.000000
17264.150908	36.000000
17269.782019	36.000000
17275.410571	36.000000
17281.041123	36.000000
17286.672462	36.000000
17292.301014	36.000000
17297.931567	36.000000
17303.561467	36.000000
17309.190037	36.000000
17314.846731	36.000000
17320.481487	36.000000
17326.112163	36.000000
17354.226091	37.000000
17359.879681	37.000000
17365.513231	37.000000
17371.167159	37.000000
17376.795712	37.000000
17382.426263	37.000000
17388.054816	37.000000
17393.684937	37.000000
17399.313491	37.000000
17404.943213	37.000000
17410.574467	37.000000
17416.203019	37.000000
17421.833571	37.000000
17427.464755	37.000000
17433.094306	37.000000
17438.725412	37.000000
17444.357525	37.000000
17449.987600	37.000000
17461.296950	38.000000
17466.926502	38.000000
17472.557053	38.000000
17478.210590	38.000000
17483.841142	38.000000
17489.475554	38.000000
17495.108543	38.000000
17500.739094	38.000000
17506.368647	38.000000
17511.999198	38.000000
17517.628831	38.000000
17523.283368	38.000000
17528.918083	38.000000
17534.547779	38.000000
17540.178329	38.000000
17545.807882	38.000000
17551.437796	38.000000
17557.066349	38.000000
17562.699523	38.000000
17568.330346	38.000000
17573.960897	38.000000
17579.616568	38.000000
17585.245120	38.000000
17590.875672	38.000000
17596.505224	38.000000
17602.138125	38.000000
17607.772978	38.000000
17613.401531	38.000000
17619.032083	38.000000
17624.660714	38.000000
17630.291265	38.000000
17635.922311	38.000000
17647.086473	37.000000
17652.716026	37.000000
17658.346577	37.000000
17663.976676	37.000000
17669.607600	37.000000
17675.236152	37.000000
17680.866704	37.000000
17686.523714	37.000000
17692.152267	37.000000
17697.782818	37.000000
17703.411370	37.000000
17709.070310	37.000000
17714.700861	37.000000
17720.327415	37.000000
17725.956543	37.000000
17731.613142	37.000000
17737.240430	37.000000
17742.870154	37.000000
17748.496707	37.000000
17754.126348	37.000000
17759.752901	37.000000
17765.381454	37.000000
17771.013005	37.000000
17776.641835	37.000000
17782.270388	37.000000
17787.923235	37.000000
17793.551789	37.000000
17799.180469	37.000000
17804.808098	37.000000
17810.436424	37.000000
17816.064976	37.000000
17821.691531	37.000000
17827.320083	37.000000
17832.947636	37.000000
17838.577189	37.000000
17849.816621	37.000000
17855.481151	37.000000
17861.110703	37.000000
17877.963886	37.000000
17883.595770	37.000000
