4.000000E+0	2.599035E+3	2.599035E+3
1.000000E+0	2.863036E+3	2.640009E+2
1.200000E+0	3.542038E+3	6.790023E+2
1.900000E+0	3.605038E+3	6.300020E+1
1.800000E+0	4.980043E+3	1.375004E+3
1.100000E+0	6.344047E+3	1.364004E+3
1.500000E+0	8.730054E+3	2.386007E+3
1.000000E+0	1.874516E+4	1.001511E+4
2.800000E+0	1.898916E+4	2.440029E+2
0.000000E+0	1.983617E+4	8.470092E+2
2.000000E+0	2.102118E+4	1.185012E+3
4.300000E+0	2.378221E+4	2.761023E+3
2.400000E+0	2.647522E+4	2.693018E+3
1.200000E+0	2.768023E+4	1.205007E+3
1.500000E+0	2.800423E+4	3.240012E+2
9.000000E-1	3.071925E+4	2.715013E+3
4.000000E+0	3.483726E+4	4.118016E+3
0.000000E+0	3.594727E+4	1.110005E+3
3.500000E+0	3.758527E+4	1.638006E+3
1.800000E+0	3.901428E+4	1.429005E+3
1.400000E+0	4.104128E+4	2.027006E+3
1.000000E+0	4.289329E+4	1.852005E+3
0.000000E+0	4.403129E+4	1.138003E+3
1.600000E+0	4.980836E+4	5.777071E+3
3.200000E+0	5.057037E+4	7.620093E+2
3.700000E+0	5.329840E+4	2.728028E+3
2.800000E+0	5.606742E+4	2.769022E+3
9.000000E-1	5.926244E+4	3.195019E+3
6.900000E+0	5.979344E+4	5.310032E+2
7.500000E+0	6.225546E+4	2.462012E+3
1.200000E+0	6.353146E+4	1.276006E+3
3.300000E+0	6.712548E+4	3.594014E+3
1.000000E+0	6.939449E+4	2.269008E+3
5.400000E+0	7.068949E+4	1.295004E+3
1.400000E+0	7.240849E+4	1.719005E+3
1.400000E+0	7.287850E+4	4.700016E+2
6.000000E-1	7.435350E+4	1.475004E+3
1.500000E+0	8.013254E+4	5.779043E+3
6.600000E+0	8.270558E+4	2.573036E+3
1.700000E+0	8.325559E+4	5.500064E+2
2.500000E+0	8.502561E+4	1.770019E+3
1.000000E+0	8.685362E+4	1.828017E+3
1.000000E-1	8.776463E+4	9.110075E+2
0.000000E+0	8.785063E+4	8.600067E+1
3.100000E+0	8.834163E+4	4.910038E+2
1.300000E+0	8.930564E+4	9.640066E+2
0.000000E+0	9.321666E+4	3.911023E+3
1.800000E+0	9.592568E+4	2.709013E+3
1.900000E+0	9.693568E+4	1.010005E+3
8.000000E-1	9.778468E+4	8.490029E+2
2.000000E+0	9.979169E+4	2.007009E+3
1.000000E+0	1.043287E+5	4.537015E+3
3.500000E+0	1.046157E+5	2.870012E+2
3.000000E+0	1.099547E+5	5.339017E+3
7.000000E-1	1.160568E+5	6.102079E+3
3.100000E+0	1.165388E+5	4.820052E+2
1.600000E+0	1.167858E+5	2.470030E+2
2.300000E+0	1.173888E+5	6.030069E+2
4.900000E+0	1.211809E+5	3.792033E+3
8.200000E+0	1.214789E+5	2.980018E+2
1.200000E+0	1.237989E+5	2.320016E+3
4.000000E+0	1.272119E+5	3.413018E+3
4.100000E+0	1.299909E+5	2.779013E+3
1.300000E+0	1.339049E+5	3.914015E+3
1.800000E+0	1.357509E+5	1.846007E+3
1.800000E+0	1.390319E+5	3.281011E+3
8.000000E-1	1.393969E+5	3.650006E+2
4.300000E+0	1.395229E+5	1.260012E+2
9.100000E+0	1.401039E+5	5.810011E+2
1.000000E+0	1.421389E+5	2.035006E+3
1.200000E+0	1.427069E+5	5.680024E+2
2.600000E+0	1.433009E+5	5.940018E+2
1.000000E-1	1.443630E+5	1.062010E+3
1.700000E+0	1.446770E+5	3.140051E+2
1.500000E+0	1.460540E+5	1.377022E+3
1.500000E+0	1.467420E+5	6.880095E+2
9.000000E-1	1.500540E+5	3.312039E+3
9.000000E-1	1.515060E+5	1.452014E+3
6.400000E+0	1.517510E+5	2.450022E+2
1.000000E+0	1.542441E+5	2.493020E+3
0.000000E+0	1.612081E+5	6.964039E+3
1.000000E+0	1.619491E+5	7.410034E+2
2.800000E+0	1.647791E+5	2.830012E+3
2.100000E+0	1.671161E+5	2.337008E+3
0.000000E+0	1.704121E+5	3.296012E+3
2.200000E+0	1.712331E+5	8.210019E+2
1.000000E+0	1.720541E+5	8.210027E+2
1.100000E+0	1.724111E+5	3.570018E+2
6.000000E-1	1.734762E+5	1.065003E+3
9.000000E-1	1.752842E+5	1.808006E+3
7.000000E-1	1.753322E+5	4.800054E+1
9.000000E-1	1.762152E+5	8.830021E+2
9.000000E-1	1.787832E+5	2.568036E+3
3.200000E+0	1.807992E+5	2.016027E+3
4.700000E+0	1.819872E+5	1.188013E+3
5.900000E+0	1.820532E+5	6.600051E+1
2.000000E+0	1.841033E+5	2.050020E+3
1.100000E+0	1.872823E+5	3.179025E+3
7.500000E+0	1.895813E+5	2.299014E+3
7.000000E-1	1.934513E+5	3.870020E+3
8.000000E-1	1.968613E+5	3.410014E+3
0.000000E+0	1.988523E+5	1.991009E+3
2.900000E+0	1.997033E+5	8.510026E+2
1.200000E+0	2.007333E+5	1.030004E+3
8.000000E-1	2.014743E+5	7.410026E+2
1.100000E+0	2.050824E+5	3.608012E+3
3.300000E+0	2.074814E+5	2.399008E+3
2.700000E+0	2.079044E+5	4.230013E+2
2.300000E+0	2.084314E+5	5.270010E+2
9.000000E-1	2.113924E+5	2.961034E+3
3.200000E+0	2.199655E+5	8.573086E+3
1.100000E+0	2.200125E+5	4.700040E+1
2.300000E+0	2.240965E+5	4.084023E+3
1.600000E+0	2.272745E+5	3.178016E+3
7.000000E-1	2.305225E+5	3.248013E+3
4.300000E+0	2.365376E+5	6.015021E+3
1.500000E+0	2.408616E+5	4.324014E+3
1.800000E+0	2.423196E+5	1.458009E+3
7.000000E-1	2.498028E+5	7.483208E+3
1.000000E+0	2.526998E+5	2.897046E+3
4.900000E+0	2.534319E+5	7.320099E+2
4.500000E+0	2.543859E+5	9.540108E+2
2.800000E+0	2.561419E+5	1.756018E+3
3.000000E+0	2.635559E+5	7.414055E+3
4.900000E+0	2.646589E+5	1.103007E+3
7.000000E-1	2.666740E+5	2.015010E+3
1.400000E+0	2.697970E+5	3.123014E+3
4.100000E+0	2.702620E+5	4.650017E+2
2.000000E+0	2.703060E+5	4.400020E+1
4.400000E+0	2.749350E+5	4.629019E+3
5.600000E+0	2.762050E+5	1.270001E+3
1.100000E+0	2.777050E+5	1.500002E+3
5.800000E+0	2.802930E+5	2.588004E+3
9.000000E+0	2.832020E+5	2.909005E+3
2.100000E+0	2.841370E+5	9.350028E+2
1.500000E+0	2.859010E+5	1.764004E+3
7.000000E-1	2.890240E+5	3.123008E+3
7.000000E-1	2.892770E+5	2.530008E+2
4.400000E+0	2.898070E+5	5.300014E+2
2.000000E+0	2.943900E+5	4.583013E+3
2.700000E+0	2.955040E+5	1.114003E+3
1.700000E+0	2.964290E+5	9.250027E+2
1.700000E+0	2.964840E+5	5.499975E+1
1.400000E+0	2.973540E+5	8.700029E+2
3.000000E+0	2.984280E+5	1.074003E+3
1.800000E+0	2.991410E+5	7.130027E+2
3.300000E+0	3.006910E+5	1.550004E+3
2.300000E+0	3.033501E+5	2.659009E+3
5.700000E+0	3.070901E+5	3.740011E+3
0.000000E+0	3.074781E+5	3.880015E+2
0.000000E+0	3.129801E+5	5.502017E+3
1.800000E+0	3.202711E+5	7.291023E+3
1.700000E+0	3.226991E+5	2.428007E+3
2.200000E+0	3.251561E+5	2.457008E+3
1.500000E+0	3.262101E+5	1.054003E+3
2.400000E+0	3.291511E+5	2.941010E+3
1.300000E+0	3.299001E+5	7.490022E+2
7.000000E-1	3.304151E+5	5.150013E+2
1.100000E+0	3.328351E+5	2.420008E+3
1.400000E+0	3.336932E+5	8.580022E+2
5.400000E+0	3.358882E+5	2.195007E+3
6.000000E-1	3.359542E+5	6.600036E+1
7.800000E+0	3.376652E+5	1.711006E+3
2.100000E+0	3.401702E+5	2.505008E+3
1.300000E+0	3.408982E+5	7.280083E+2
2.100000E+0	3.432262E+5	2.328038E+3
3.700000E+0	3.460343E+5	2.808035E+3
1.200000E+0	3.471373E+5	1.103012E+3
1.200000E+0	3.476383E+5	5.010045E+2
4.800000E+0	3.482013E+5	5.630049E+2
3.800000E+0	3.496483E+5	1.447013E+3
3.200000E+0	3.512653E+5	1.617012E+3
8.000000E-1	3.515253E+5	2.600014E+2
3.200000E+0	3.532543E+5	1.729012E+3
1.400000E+0	3.589943E+5	5.740030E+3
1.000000E+0	3.631454E+5	4.151018E+3
2.900000E+0	3.635434E+5	3.980017E+2
3.800000E+0	3.683564E+5	4.813017E+3
8.000000E-1	3.708084E+5	2.452009E+3
4.400000E+0	3.745214E+5	3.713032E+3
1.100000E+0	3.765145E+5	1.993031E+3
2.700000E+0	3.779385E+5	1.424020E+3
2.700000E+0	3.785555E+5	6.170075E+2
6.000000E-1	3.787665E+5	2.110026E+2
3.100000E+0	3.855255E+5	6.759060E+3
1.600000E+0	3.861385E+5	6.130042E+2
2.300000E+0	3.866055E+5	4.670025E+2
2.500000E+0	3.901476E+5	3.542021E+3
7.200000E+0	3.931266E+5	2.979015E+3
1.300000E+0	3.960916E+5	2.965013E+3
9.000000E-1	3.988486E+5	2.757011E+3
1.100000E+0	4.002376E+5	1.389005E+3
4.100000E+0	4.018356E+5	1.598005E+3
7.000000E-1	4.021466E+5	3.110011E+2
1.600000E+0	4.046586E+5	2.512009E+3
7.100000E+0	4.052246E+5	5.660019E+2
1.100000E+0	4.070446E+5	1.820019E+3
5.200000E+0	4.091837E+5	2.139028E+3
3.500000E+0	4.094267E+5	2.430022E+2
4.900000E+0	4.099967E+5	5.700073E+2
9.000000E-1	4.102777E+5	2.810029E+2
1.100000E+0	4.122627E+5	1.985020E+3
9.300000E+0	4.132687E+5	1.006008E+3
1.800000E+0	4.152327E+5	1.964016E+3
8.200000E+0	4.161787E+5	9.460061E+2
8.100000E+0	4.197748E+5	3.596022E+3
2.300000E+0	4.206048E+5	8.300047E+2
3.900000E+0	4.213958E+5	7.910042E+2
2.000000E+0	4.215178E+5	1.220001E+2
2.600000E+0	4.221958E+5	6.780038E+2
1.100000E+0	4.246138E+5	2.418011E+3
1.800000E+0	4.262388E+5	1.625007E+3
8.000000E-1	4.268868E+5	6.480027E+2
3.800000E+0	4.291888E+5	2.302009E+3
1.200000E+0	4.302628E+5	1.074004E+3
3.600000E+0	4.337028E+5	3.440013E+3
3.800000E+0	4.356388E+5	1.936006E+3
3.300000E+0	4.387298E+5	3.091011E+3
9.000000E-1	4.419299E+5	3.200044E+3
4.000000E+0	4.424869E+5	5.570057E+2
2.600000E+0	4.450999E+5	2.613027E+3
1.400000E+0	4.473129E+5	2.213018E+3
3.400000E+0	4.510440E+5	3.731025E+3
6.000000E-1	4.567920E+5	5.748030E+3
1.100000E+0	4.580400E+5	1.248005E+3
2.400000E+0	4.580990E+5	5.900045E+1
5.000000E+0	4.596220E+5	1.523007E+3
7.000000E-1	4.607390E+5	1.117004E+3
1.510000E+1	4.620430E+5	1.304005E+3
1.200000E+0	4.653900E+5	3.347012E+3
2.300000E+0	4.689460E+5	3.556012E+3
1.700000E+0	4.770711E+5	8.125079E+3
1.000000E+0	4.785261E+5	1.455013E+3
7.000000E-1	4.799821E+5	1.456013E+3
1.000000E+0	4.801141E+5	1.320010E+2
6.400000E+0	4.834122E+5	3.298023E+3
4.000000E+0	4.854982E+5	2.086011E+3
4.400000E+0	4.856332E+5	1.350009E+2
1.800000E+0	4.871042E+5	1.471008E+3
1.200000E+0	4.897172E+5	2.613013E+3
0.000000E+0	4.931062E+5	3.389016E+3
1.500000E+0	4.986742E+5	5.568021E+3
2.400000E+0	4.993832E+5	7.090025E+2
1.900000E+0	5.054413E+5	6.058034E+3
1.200000E+0	5.067083E+5	1.267017E+3
8.000000E-1	5.093543E+5	2.646030E+3
2.100000E+0	5.136004E+5	4.246037E+3
3.800000E+0	5.142314E+5	6.310041E+2
2.900000E+0	5.174404E+5	3.209021E+3
1.900000E+0	5.196744E+5	2.234012E+3
2.600000E+0	5.228994E+5	3.225016E+3
2.400000E+0	5.255494E+5	2.650011E+3
3.000000E+0	5.396445E+5	1.409508E+4
9.700000E+0	5.448165E+5	5.172052E+3
7.000000E-1	5.472326E+5	2.416018E+3
1.100000E+0	5.492906E+5	2.058013E+3
1.000000E+0	5.538266E+5	4.536025E+3
1.390000E+1	5.548166E+5	9.900046E+2
2.900000E+0	5.591186E+5	4.302019E+3
2.000000E+0	5.591396E+5	2.100016E+1
3.100000E+0	5.595826E+5	4.430016E+2
0.000000E+0	5.624956E+5	2.913012E+3
2.700000E+0	5.665337E+5	4.038014E+3
1.100000E+0	5.667757E+5	2.420016E+2
4.800000E+0	5.683417E+5	1.566006E+3
1.900000E+0	5.699607E+5	1.619006E+3
5.000000E+0	5.703487E+5	3.880058E+2
4.400000E+0	5.722157E+5	1.867026E+3
5.100000E+0	5.737057E+5	1.490017E+3
3.100000E+0	5.740177E+5	3.120035E+2
1.500000E+0	5.790148E+5	4.997044E+3
1.100000E+0	5.837008E+5	4.686030E+3
2.200000E+0	5.852678E+5	1.567008E+3
2.200000E+0	5.872128E+5	1.945009E+3
1.900000E+0	5.905028E+5	3.290015E+3
1.000000E-1	5.937688E+5	3.266014E+3
