1.500000E+0	4.873898E+3	4.873898E+3
1.300000E+0	7.553861E+3	2.679962E+3
1.100000E+0	4.152035E+4	3.396649E+4
2.200000E+0	5.825768E+4	1.673733E+4
2.600000E+0	6.041263E+4	2.154947E+3
1.100000E+0	6.598986E+4	5.577232E+3
5.600000E+0	7.087379E+4	4.883929E+3
0.000000E+0	8.721490E+4	1.634111E+4
5.000000E+0	9.210594E+4	4.891035E+3
5.000000E+0	9.595997E+4	3.854028E+3
8.000000E-1	1.186961E+5	2.273615E+4
4.700000E+0	1.210391E+5	2.343016E+3
2.200000E+1	1.214371E+5	3.980078E+2
0.000000E+0	1.255872E+5	4.150027E+3
6.000000E-1	1.851734E+5	5.958626E+4
0.000000E+0	1.890380E+5	3.864543E+3
1.200000E+0	2.034143E+5	1.437630E+4
1.800000E+0	2.055142E+5	2.099968E+3
1.000000E+0	2.131072E+5	7.592915E+3
1.900000E+0	2.133882E+5	2.809926E+2
1.200000E+0	2.172971E+5	3.908974E+3
4.000000E+0	2.326861E+5	1.538894E+4
1.900000E+0	2.423301E+5	9.644003E+3
1.900000E+0	2.661501E+5	2.382008E+4
0.000000E+0	2.700802E+5	3.930020E+3
0.000000E+0	2.755162E+5	5.436028E+3
1.200000E+0	2.906663E+5	1.515009E+4
1.000000E-1	2.920423E+5	1.376007E+3
1.200000E+0	3.052394E+5	1.319708E+4
1.000000E+0	3.055004E+5	2.610023E+2
6.000000E+0	3.265545E+5	2.105413E+4
7.700000E+0	3.270925E+5	5.380041E+2
3.200000E+0	3.282725E+5	1.180007E+3
3.300000E+0	3.363326E+5	8.060051E+3
2.700000E+0	3.517157E+5	1.538310E+4
1.500000E+0	3.700608E+5	1.834512E+4
2.700000E+0	3.931059E+5	2.304515E+4
0.000000E+0	3.988640E+5	5.758038E+3
2.000000E+0	4.024840E+5	3.620023E+3
6.000000E-1	4.085610E+5	6.077040E+3
1.000000E+0	4.092060E+5	6.450048E+2
9.000000E-1	4.201231E+5	1.091707E+4
1.000000E+0	4.392032E+5	1.908012E+4
1.600000E+0	4.606694E+5	2.146614E+4
3.400000E+0	4.639564E+5	3.287021E+3
2.400000E+0	4.674474E+5	3.491024E+3
5.400000E+0	4.716504E+5	4.203027E+3
2.000000E+0	4.720584E+5	4.080028E+2
6.000000E-1	4.900796E+5	1.802112E+4
5.900000E+0	5.020526E+5	1.197308E+4
1.200000E+0	5.098867E+5	7.834051E+3
1.500000E+0	5.146987E+5	4.812031E+3
2.100000E+0	5.179757E+5	3.277022E+3
2.900000E+0	5.236408E+5	5.665036E+3
1.100000E+0	5.373689E+5	1.372809E+4
2.800000E+0	5.404279E+5	3.059021E+3
6.800000E+0	5.545040E+5	1.407609E+4
9.000000E-1	5.636000E+5	9.096059E+3
2.100000E+0	5.644990E+5	8.990051E+2
7.000000E-1	5.703541E+5	5.855038E+3
6.800000E+0	5.853752E+5	1.502110E+4
1.500000E+0	5.878162E+5	2.441016E+3
0.000000E+0	5.941042E+5	6.288039E+3
0.000000E+0	5.941742E+5	7.000021E+1
