0.000000E+0	8.312987E+1	8.312987E+1
3.400000E+0	2.504148E+3	2.421019E+3
3.700000E+0	3.531155E+3	1.027006E+3
1.600000E+0	5.109165E+3	1.578010E+3
1.100000E+0	5.787171E+3	6.780059E+2
3.100000E+0	5.998171E+3	2.110003E+2
1.100000E+0	7.138177E+3	1.140006E+3
1.100000E+0	7.586178E+3	4.480009E+2
0.000000E+0	1.133020E+4	3.744023E+3
1.000000E+0	1.205920E+4	7.290028E+2
2.200000E+0	1.325921E+4	1.200009E+3
1.100000E+0	1.477322E+4	1.514010E+3
5.200000E+0	1.651923E+4	1.746008E+3
1.100000E+0	1.695723E+4	4.380005E+2
2.100000E+0	1.791023E+4	9.530010E+2
2.100000E+0	1.922325E+4	1.313016E+3
3.000000E+0	1.947025E+4	2.470017E+2
3.300000E+0	2.034725E+4	8.770046E+2
2.200000E+0	2.103926E+4	6.920019E+2
2.800000E+0	2.574628E+4	4.707028E+3
1.300000E+0	2.647928E+4	7.330005E+2
1.300000E+0	2.684129E+4	3.620074E+2
1.000000E+0	2.742330E+4	5.820042E+2
1.800000E+0	2.764130E+4	2.180020E+2
1.200000E+0	2.937530E+4	1.734007E+3
3.500000E+0	3.050231E+4	1.127003E+3
3.400000E+0	3.132332E+4	8.210088E+2
1.900000E+0	3.163132E+4	3.080025E+2
8.000000E-1	3.290033E+4	1.269008E+3
6.300000E+0	3.344333E+4	5.430028E+2
1.800000E+0	3.367533E+4	2.320003E+2
1.100000E+0	3.519734E+4	1.522009E+3
2.200000E+0	3.727335E+4	2.076015E+3
7.000000E-1	3.786336E+4	5.900017E+2
2.900000E+0	3.958937E+4	1.726012E+3
2.700000E+0	4.119438E+4	1.605011E+3
3.100000E+0	4.161938E+4	4.250018E+2
1.700000E+0	4.172838E+4	1.090010E+2
2.800000E+0	4.312738E+4	1.399003E+3
2.900000E+0	4.332739E+4	2.000004E+2
9.000000E-1	4.359439E+4	2.670006E+2
1.400000E+0	4.501139E+4	1.417002E+3
2.000000E+0	4.700239E+4	1.991002E+3
5.700000E+0	4.709039E+4	8.800213E+1
2.100000E+0	4.877542E+4	1.685027E+3
1.000000E+0	4.955843E+4	7.830061E+2
2.900000E+0	5.032243E+4	7.640052E+2
1.900000E+0	5.035343E+4	3.099927E+1
3.000000E+0	5.287344E+4	2.520008E+3
3.600000E+0	5.397044E+4	1.097003E+3
7.500000E+0	5.662447E+4	2.654025E+3
8.000000E-1	5.752147E+4	8.970085E+2
4.100000E+0	5.933949E+4	1.818011E+3
0.000000E+0	5.946949E+4	1.299998E+2
3.700000E+0	6.128349E+4	1.814005E+3
1.000000E-1	6.184349E+4	5.600010E+2
1.100000E+0	6.871753E+4	6.874040E+3
3.900000E+0	7.519457E+4	6.477041E+3
1.200000E+0	7.675158E+4	1.557008E+3
2.100000E+0	7.748858E+4	7.370032E+2
2.500000E+0	7.949559E+4	2.007007E+3
0.000000E+0	8.181861E+4	2.323022E+3
3.400000E+0	8.234262E+4	5.240036E+2
6.000000E-1	8.369763E+4	1.355009E+3
1.400000E+0	8.571664E+4	2.019010E+3
1.800000E+0	8.656264E+4	8.460039E+2
7.000000E+0	8.727964E+4	7.170018E+2
3.800000E+0	8.861165E+4	1.332010E+3
7.500000E+0	8.950666E+4	8.950093E+2
1.000000E+0	8.964866E+4	1.420013E+2
1.500000E+0	9.075667E+4	1.108009E+3
1.000000E+0	9.091767E+4	1.610014E+2
4.700000E+0	9.326769E+4	2.350013E+3
1.800000E+0	9.709570E+4	3.828013E+3
2.000000E+0	9.826170E+4	1.166003E+3
6.000000E-1	9.956770E+4	1.306002E+3
2.800000E+0	9.978770E+4	2.200005E+2
6.200000E+0	1.008887E+5	1.101002E+3
4.400000E+0	1.013057E+5	4.170003E+2
2.900000E+0	1.024527E+5	1.147002E+3
1.000000E+0	1.055997E+5	3.147028E+3
2.000000E+0	1.056297E+5	3.000058E+1
1.800000E+0	1.056477E+5	1.800043E+1
2.100000E+0	1.075138E+5	1.866026E+3
1.100000E+0	1.097708E+5	2.257021E+3
8.000000E-1	1.110738E+5	1.303008E+3
3.800000E+0	1.130028E+5	1.929009E+3
5.900000E+0	1.145168E+5	1.514005E+3
7.000000E-1	1.156308E+5	1.114003E+3
5.900000E+0	1.164988E+5	8.680019E+2
9.000000E-1	1.191588E+5	2.660006E+3
2.100000E+0	1.191888E+5	3.000002E+1
1.200000E+0	1.208738E+5	1.685005E+3
1.800000E+0	1.225729E+5	1.699031E+3
2.100000E+0	1.231729E+5	6.000087E+2
4.700000E+0	1.239539E+5	7.810084E+2
3.400000E+0	1.300489E+5	6.095038E+3
2.500000E+0	1.320969E+5	2.048006E+3
1.300000E+0	1.334589E+5	1.362003E+3
3.200000E+0	1.342679E+5	8.090015E+2
9.000000E-1	1.377719E+5	3.504015E+3
2.700000E+0	1.392119E+5	1.440014E+3
2.000000E+0	1.425080E+5	3.296024E+3
2.200000E+0	1.462730E+5	3.765020E+3
2.700000E+0	1.468000E+5	5.270027E+2
1.300000E+0	1.470650E+5	2.650008E+2
3.100000E+0	1.472180E+5	1.530003E+2
1.500000E+0	1.479690E+5	7.510038E+2
7.300000E+0	1.491860E+5	1.217004E+3
7.000000E-1	1.498340E+5	6.480025E+2
7.400000E+0	1.503810E+5	5.470019E+2
4.300000E+0	1.527630E+5	2.382008E+3
3.300000E+0	1.542080E+5	1.445010E+3
2.200000E+0	1.542950E+5	8.700104E+1
1.070000E+1	1.584241E+5	4.129038E+3
7.000000E-1	1.586261E+5	2.020017E+2
0.000000E+0	1.621051E+5	3.479021E+3
1.000000E-1	1.631051E+5	1.000005E+3
5.600000E+0	1.633001E+5	1.950006E+2
1.000000E-1	1.662581E+5	2.958013E+3
8.000000E-1	1.665631E+5	3.050010E+2
3.100000E+0	1.678011E+5	1.238005E+3
1.000000E-1	1.684631E+5	6.620015E+2
1.000000E+0	1.702491E+5	1.786009E+3
0.000000E+0	1.712381E+5	9.890117E+2
2.300000E+0	1.712871E+5	4.900090E+1
3.600000E+0	1.717011E+5	4.140046E+2
8.000000E-1	1.717311E+5	2.999972E+1
0.000000E+0	1.746422E+5	2.911027E+3
2.300000E+0	1.757592E+5	1.117008E+3
5.300000E+0	1.776362E+5	1.877012E+3
3.900000E+0	1.777722E+5	1.360006E+2
1.200000E+0	1.782072E+5	4.350026E+2
5.700000E+0	1.787292E+5	5.220029E+2
2.200000E+0	1.794422E+5	7.130038E+2
1.000000E+0	1.809982E+5	1.556006E+3
1.100000E+0	1.817012E+5	7.030033E+2
1.100000E+0	1.818112E+5	1.100006E+2
9.000000E-1	1.853092E+5	3.498012E+3
4.300000E+0	1.856362E+5	3.270017E+2
1.100000E+0	1.861562E+5	5.200010E+2
2.300000E+0	1.865652E+5	4.090042E+2
1.600000E+0	1.869292E+5	3.640047E+2
1.400000E+0	1.872242E+5	2.950035E+2
3.500000E+0	1.888622E+5	1.638017E+3
1.000000E+0	1.900423E+5	1.180011E+3
2.600000E+0	1.901033E+5	6.100079E+1
2.900000E+0	1.914033E+5	1.300010E+3
1.900000E+0	1.923703E+5	9.670065E+2
2.200000E+0	1.948303E+5	2.460016E+3
1.180000E+1	1.959633E+5	1.133005E+3
1.300000E+0	2.045593E+5	8.596031E+3
1.300000E+0	2.049753E+5	4.160011E+2
4.200000E+0	2.051693E+5	1.940007E+2
1.500000E+0	2.060263E+5	8.570026E+2
5.600000E+0	2.076903E+5	1.664004E+3
2.700000E+0	2.098043E+5	2.114004E+3
4.000000E+0	2.144384E+5	4.634009E+3
3.800000E+0	2.150024E+5	5.640017E+2
5.400000E+0	2.159534E+5	9.510015E+2
3.400000E+0	2.175944E+5	1.641003E+3
2.500000E+0	2.194454E+5	1.851011E+3
1.600000E+0	2.201624E+5	7.170138E+2
2.400000E+0	2.220534E+5	1.891032E+3
9.000000E-1	2.261235E+5	4.070050E+3
1.500000E+0	2.262295E+5	1.060005E+2
2.800000E+0	2.267635E+5	5.340048E+2
6.000000E-1	2.286815E+5	1.918017E+3
7.000000E-1	2.329825E+5	4.301026E+3
2.800000E+0	2.337695E+5	7.870033E+2
4.200000E+0	2.342955E+5	5.260024E+2
4.600000E+0	2.343915E+5	9.600073E+1
6.000000E-1	2.361165E+5	1.725007E+3
1.400000E+0	2.372185E+5	1.102004E+3
2.400000E+0	2.388955E+5	1.677006E+3
1.000000E+0	2.398815E+5	9.860028E+2
2.000000E+0	2.398895E+5	8.000103E+0
6.100000E+0	2.399285E+5	3.900011E+1
1.100000E+0	2.438366E+5	3.908011E+3
1.900000E+0	2.444936E+5	6.570014E+2
0.000000E+0	2.449926E+5	4.990017E+2
3.100000E+0	2.465646E+5	1.572003E+3
0.000000E+0	2.472376E+5	6.730014E+2
1.100000E+0	2.482876E+5	1.050002E+3
1.500000E+0	2.483656E+5	7.800061E+1
5.200000E+0	2.497956E+5	1.430003E+3
3.200000E+0	2.530536E+5	3.258028E+3
1.000000E-1	2.543896E+5	1.336022E+3
1.500000E+0	2.553126E+5	9.230139E+2
1.200000E+0	2.558506E+5	5.380068E+2
1.100000E+0	2.581767E+5	2.326028E+3
1.000000E-1	2.593767E+5	1.200012E+3
6.000000E-1	2.601277E+5	7.510070E+2
2.400000E+0	2.616147E+5	1.487012E+3
3.100000E+0	2.630407E+5	1.426009E+3
1.700000E+0	2.660927E+5	3.052017E+3
4.600000E+0	2.661397E+5	4.700042E+1
2.700000E+0	2.667577E+5	6.180029E+2
9.000000E-1	2.673497E+5	5.920033E+2
8.000000E-1	2.698847E+5	2.535010E+3
5.600000E+0	2.704047E+5	5.200021E+2
1.700000E+0	2.732487E+5	2.844009E+3
4.000000E+0	2.735797E+5	3.310012E+2
8.200000E+0	2.775948E+5	4.015011E+3
4.200000E+0	2.820888E+5	4.494010E+3
2.500000E+0	2.840468E+5	1.958004E+3
3.600000E+0	2.854468E+5	1.400018E+3
3.300000E+0	2.873598E+5	1.913033E+3
1.000000E+0	2.890368E+5	1.677024E+3
3.500000E+0	2.899549E+5	9.180112E+2
0.000000E+0	2.901929E+5	2.380021E+2
1.000000E+0	2.908869E+5	6.940082E+2
8.000000E-1	2.911769E+5	2.900029E+2
1.300000E+0	2.922859E+5	1.109011E+3
4.000000E+0	2.942329E+5	1.947017E+3
9.000000E-1	2.950989E+5	8.660058E+2
4.200000E+0	2.954469E+5	3.480024E+2
2.800000E+0	2.956299E+5	1.830013E+2
7.000000E-1	2.995789E+5	3.949023E+3
1.100000E+0	3.020569E+5	2.478011E+3
9.000000E-1	3.029579E+5	9.010028E+2
1.000000E+0	3.037549E+5	7.970031E+2
9.000000E-1	3.049160E+5	1.161004E+3
1.100000E+0	3.051070E+5	1.910005E+2
1.000000E+0	3.053040E+5	1.970000E+2
4.900000E+0	3.087180E+5	3.414010E+3
1.010000E+1	3.109630E+5	2.245006E+3
7.000000E-1	3.118620E+5	8.990024E+2
9.000000E-1	3.137820E+5	1.920005E+3
2.900000E+0	3.172360E+5	3.454011E+3
1.900000E+0	3.181620E+5	9.260128E+2
9.000000E-1	3.185730E+5	4.110072E+2
1.700000E+1	3.187020E+5	1.290020E+2
1.100000E+0	3.220591E+5	3.357050E+3
4.000000E+0	3.227031E+5	6.440073E+2
1.500000E+0	3.241301E+5	1.427015E+3
2.600000E+0	3.254051E+5	1.275013E+3
1.200000E+0	3.257061E+5	3.010026E+2
2.500000E+0	3.260421E+5	3.360021E+2
1.000000E-1	3.270571E+5	1.015008E+3
5.300000E+0	3.286431E+5	1.586011E+3
3.900000E+0	3.293351E+5	6.920033E+2
0.000000E+0	3.306411E+5	1.306007E+3
1.000000E+0	3.315631E+5	9.220056E+2
2.200000E+0	3.337221E+5	2.159010E+3
6.400000E+0	3.381562E+5	4.434017E+3
1.200000E+0	3.386292E+5	4.730009E+2
2.300000E+0	3.396102E+5	9.810030E+2
1.600000E+0	3.440482E+5	4.438012E+3
0.000000E+0	3.463842E+5	2.336005E+3
2.100000E+0	3.467852E+5	4.010008E+2
1.200000E+0	3.515822E+5	4.797036E+3
8.200000E+0	3.521862E+5	6.040097E+2
2.100000E+0	3.597003E+5	7.514085E+3
7.600000E+0	3.597813E+5	8.100071E+1
3.400000E+0	3.614163E+5	1.635011E+3
1.100000E+0	3.625883E+5	1.172007E+3
2.300000E+0	3.639003E+5	1.312008E+3
1.030000E+1	3.658404E+5	1.940010E+3
8.000000E-1	3.694064E+5	3.566014E+3
3.800000E+0	3.710624E+5	1.656006E+3
7.200000E+0	3.720744E+5	1.012004E+3
3.100000E+0	3.724364E+5	3.620012E+2
4.200000E+0	3.736174E+5	1.181003E+3
3.000000E+0	3.748734E+5	1.256004E+3
6.000000E-1	3.749154E+5	4.200005E+1
1.300000E+0	3.776144E+5	2.699007E+3
7.000000E-1	3.779324E+5	3.180010E+2
1.400000E+0	3.801554E+5	2.223006E+3
3.600000E+0	3.813784E+5	1.223003E+3
3.000000E+0	3.834774E+5	2.099014E+3
1.000000E+0	3.857195E+5	2.242038E+3
4.900000E+0	3.904085E+5	4.689055E+3
1.000000E+0	3.923195E+5	1.911015E+3
2.000000E+0	3.931255E+5	8.060062E+2
3.800000E+0	3.950465E+5	1.921013E+3
1.100000E+0	3.954645E+5	4.180018E+2
2.100000E+0	3.998306E+5	4.366022E+3
2.800000E+0	3.999926E+5	1.620008E+2
2.800000E+0	4.039386E+5	3.946014E+3
4.000000E+0	4.045666E+5	6.280021E+2
1.100000E+0	4.051076E+5	5.410021E+2
4.400000E+0	4.053336E+5	2.260010E+2
1.900000E+0	4.057626E+5	4.290012E+2
2.300000E+0	4.066086E+5	8.460018E+2
1.600000E+0	4.066356E+5	2.700090E+1
1.100000E+0	4.079906E+5	1.355003E+3
1.100000E+0	4.094666E+5	1.476004E+3
9.200000E+0	4.098886E+5	4.220008E+2
5.300000E+0	4.114016E+5	1.513004E+3
8.000000E-1	4.120776E+5	6.760013E+2
8.000000E-1	4.145496E+5	2.472006E+3
3.400000E+0	4.180617E+5	3.512044E+3
0.000000E+0	4.184767E+5	4.150060E+2
4.500000E+0	4.205087E+5	2.032027E+3
1.000000E+0	4.215527E+5	1.044012E+3
1.600000E+0	4.251247E+5	3.572032E+3
8.000000E-1	4.280327E+5	2.908020E+3
5.100000E+0	4.285518E+5	5.190033E+2
3.200000E+0	4.292828E+5	7.310037E+2
1.600000E+0	4.296608E+5	3.780019E+2
1.300000E+0	4.307118E+5	1.051005E+3
1.500000E+0	4.327748E+5	2.063009E+3
7.900000E+0	4.335228E+5	7.480036E+2
1.000000E-1	4.356058E+5	2.083007E+3
1.300000E+0	4.386468E+5	3.041010E+3
1.400000E+0	4.387328E+5	8.600039E+1
1.300000E+0	4.409458E+5	2.213006E+3
2.000000E+0	4.459308E+5	4.985013E+3
6.400000E+0	4.482058E+5	2.275005E+3
1.200000E+0	4.483548E+5	1.490001E+2
9.000000E-1	4.486448E+5	2.900040E+2
1.600000E+0	4.556619E+5	7.017095E+3
1.900000E+0	4.567829E+5	1.121010E+3
8.000000E-1	4.575789E+5	7.960065E+2
2.400000E+0	4.595769E+5	1.998014E+3
2.400000E+0	4.631180E+5	3.541021E+3
1.400000E+0	4.669380E+5	3.820016E+3
2.700000E+0	4.684340E+5	1.496006E+3
3.500000E+0	4.692430E+5	8.090029E+2
8.100000E+0	4.699660E+5	7.230022E+2
6.000000E-1	4.743120E+5	4.346013E+3
4.700000E+0	4.751770E+5	8.650022E+2
1.500000E+0	4.773520E+5	2.175006E+3
1.800000E+0	4.785010E+5	1.149003E+3
8.000000E-1	4.791520E+5	6.510018E+2
5.600000E+0	4.800770E+5	9.250023E+2
1.260000E+1	4.812080E+5	1.131002E+3
2.190000E+1	4.820560E+5	8.480158E+2
1.900000E+0	4.837761E+5	1.720029E+3
9.000000E-1	4.851121E+5	1.336018E+3
0.000000E+0	4.919102E+5	6.798065E+3
2.000000E+0	4.923322E+5	4.220025E+2
1.900000E+0	4.933142E+5	9.820063E+2
1.200000E+0	4.968432E+5	3.529019E+3
1.800000E+0	4.969372E+5	9.400059E+1
1.000000E+0	4.971752E+5	2.380011E+2
1.700000E+0	4.974672E+5	2.920010E+2
2.200000E+0	5.014482E+5	3.981017E+3
2.600000E+0	5.031652E+5	1.717006E+3
1.000000E+0	5.032392E+5	7.400039E+1
5.200000E+0	5.035182E+5	2.790012E+2
3.100000E+0	5.049242E+5	1.406004E+3
2.100000E+0	5.101982E+5	5.274015E+3
3.500000E+0	5.112412E+5	1.043003E+3
0.000000E+0	5.179813E+5	6.740070E+3
1.000000E-1	5.210583E+5	3.077034E+3
3.000000E+0	5.273844E+5	6.326046E+3
3.100000E+0	5.284764E+5	1.092006E+3
2.900000E+0	5.285394E+5	6.299963E+1
1.300000E+0	5.380454E+5	9.506038E+3
2.700000E+0	5.384364E+5	3.910011E+2
8.000000E-1	5.388614E+5	4.250007E+2
1.000000E+0	5.416804E+5	2.819009E+3
2.400000E+0	5.440834E+5	2.403006E+3
5.800000E+0	5.501145E+5	6.031062E+3
2.400000E+0	5.506525E+5	5.380071E+2
2.200000E+0	5.540585E+5	3.406037E+3
1.700000E+0	5.564746E+5	2.416020E+3
4.100000E+0	5.591836E+5	2.709018E+3
1.000000E+0	5.599486E+5	7.650047E+2
8.000000E-1	5.617066E+5	1.758009E+3
3.700000E+0	5.628566E+5	1.150006E+3
9.000000E-1	5.739406E+5	1.108404E+4
3.500000E+0	5.815387E+5	7.598051E+3
2.000000E+0	5.819097E+5	3.710055E+2
1.000000E+0	5.831517E+5	1.242018E+3
7.000000E-1	5.853207E+5	2.169025E+3
0.000000E+0	5.861018E+5	7.810082E+2
2.500000E+0	5.867828E+5	6.810065E+2
0.000000E+0	5.905528E+5	3.770030E+3
0.000000E+0	5.914628E+5	9.100050E+2
0.000000E+0	5.916878E+5	2.250021E+2
