0.000000E+0	1.267024E+3	1.267024E+3
0.000000E+0	1.366026E+3	9.900244E+1
0.000000E+0	1.380025E+3	1.399864E+1
0.000000E+0	4.163047E+3	2.783022E+3
0.000000E+0	6.033061E+3	1.870014E+3
1.400000E+0	6.533065E+3	5.000041E+2
0.000000E+0	6.548065E+3	1.499987E+1
0.000000E+0	7.607072E+3	1.059007E+3
0.000000E+0	7.962074E+3	3.550021E+2
0.000000E+0	1.262911E+4	4.667035E+3
1.100000E+0	3.306224E+4	2.043314E+4
1.900000E+0	5.228837E+4	1.922613E+4
2.000000E+0	5.366938E+4	1.381009E+3
1.600000E+0	5.410938E+4	4.400031E+2
7.000000E-1	8.420458E+4	3.009520E+4
4.200000E+0	9.829267E+4	1.408809E+4
0.000000E+0	1.004677E+5	2.175014E+3
0.000000E+0	1.007247E+5	2.570017E+2
1.300000E+0	1.017227E+5	9.980073E+2
1.200000E+0	1.087797E+5	7.057046E+3
5.000000E+0	1.177858E+5	9.006060E+3
2.000000E+0	1.274319E+5	9.646063E+3
5.300000E+0	1.692711E+5	4.183927E+4
2.300000E+0	1.902023E+5	2.093113E+4
2.500000E+0	1.916843E+5	1.482010E+3
1.000000E+0	2.144144E+5	2.273015E+4
1.700000E+0	2.202765E+5	5.862038E+3
2.700000E+0	2.265775E+5	6.301041E+3
0.000000E+0	2.311105E+5	4.533029E+3
4.000000E+0	2.320095E+5	8.990058E+2
7.700000E+0	2.409476E+5	8.938057E+3
0.000000E+0	2.694798E+5	2.853219E+4
2.200000E+0	2.718668E+5	2.387015E+3
0.000000E+0	2.721028E+5	2.360015E+2
7.800000E+0	2.740508E+5	1.948013E+3
0.000000E+0	2.826589E+5	8.608059E+3
3.200000E+0	2.833039E+5	6.450040E+2
2.200000E+0	2.856249E+5	2.321016E+3
3.800000E+0	2.872049E+5	1.580011E+3
9.000000E-1	2.893529E+5	2.148014E+3
1.900000E+0	2.897079E+5	3.550019E+2
7.000000E-1	2.901239E+5	4.160033E+2
2.400000E+0	2.916259E+5	1.502010E+3
2.700000E+0	2.964950E+5	4.869031E+3
4.800000E+0	2.968050E+5	3.100025E+2
4.900000E+0	3.008210E+5	4.016026E+3
8.000000E-1	3.049720E+5	4.151027E+3
4.900000E+0	3.105311E+5	5.559037E+3
8.000000E-1	3.110261E+5	4.950033E+2
1.000000E+0	3.126121E+5	1.586011E+3
7.000000E-1	3.136471E+5	1.035006E+3
1.300000E+0	3.160521E+5	2.405016E+3
2.000000E+0	3.164971E+5	4.450031E+2
2.000000E+0	3.218951E+5	5.398036E+3
5.400000E+0	3.231631E+5	1.268008E+3
7.000000E-1	3.241641E+5	1.001006E+3
2.100000E+0	3.247911E+5	6.270043E+2
2.100000E+0	3.261932E+5	1.402009E+3
2.800000E+0	3.267132E+5	5.200037E+2
1.600000E+0	3.268882E+5	1.750012E+2
1.100000E+0	3.309542E+5	4.066026E+3
7.000000E-1	3.320382E+5	1.084007E+3
2.200000E+0	3.332092E+5	1.171008E+3
9.000000E-1	3.336462E+5	4.370028E+2
2.400000E+0	3.365272E+5	2.881018E+3
2.200000E+0	3.367352E+5	2.080016E+2
8.000000E-1	3.377922E+5	1.057008E+3
2.000000E+0	3.408443E+5	3.052020E+3
3.200000E+0	3.411993E+5	3.550032E+2
2.800000E+0	3.413933E+5	1.940012E+2
1.100000E+0	3.496153E+5	8.222053E+3
1.200000E+0	3.524833E+5	2.868019E+3
2.000000E+0	3.528913E+5	4.080029E+2
1.010000E+1	3.551593E+5	2.268015E+3
1.200000E+0	3.556054E+5	4.460034E+2
5.000000E+0	3.567034E+5	1.098007E+3
8.000000E-1	3.575614E+5	8.580048E+2
2.000000E+0	3.578694E+5	3.080023E+2
1.200000E+0	3.583504E+5	4.810031E+2
1.200000E+0	3.624464E+5	4.096027E+3
9.000000E-1	3.624854E+5	3.900003E+1
6.000000E-1	3.630554E+5	5.700037E+2
1.000000E+0	3.633444E+5	2.890025E+2
1.700000E+0	3.639094E+5	5.650040E+2
1.100000E+0	3.645334E+5	6.240041E+2
3.700000E+0	3.645574E+5	2.399939E+1
1.400000E+0	3.656814E+5	1.124008E+3
1.000000E+0	3.686234E+5	2.942019E+3
3.000000E+0	3.765685E+5	7.945052E+3
2.100000E+0	3.783015E+5	1.733012E+3
1.600000E+0	3.787155E+5	4.140026E+2
1.000000E+0	3.832455E+5	4.530030E+3
7.700000E+0	3.839975E+5	7.520051E+2
7.000000E-1	3.851525E+5	1.155008E+3
2.400000E+0	3.901746E+5	5.022032E+3
7.000000E-1	3.918856E+5	1.711011E+3
9.600000E+0	3.971546E+5	5.269033E+3
2.900000E+0	4.020327E+5	4.878033E+3
2.700000E+0	4.032287E+5	1.196007E+3
1.000000E+0	4.034547E+5	2.260021E+2
1.200000E+0	4.098697E+5	6.415043E+3
2.000000E+0	4.104817E+5	6.120035E+2
1.000000E+0	4.141047E+5	3.623024E+3
6.000000E-1	4.169698E+5	2.865018E+3
2.800000E+0	4.182658E+5	1.296009E+3
7.900000E+0	4.192188E+5	9.530062E+2
3.300000E+0	4.194088E+5	1.900005E+2
1.210000E+1	4.207028E+5	1.294009E+3
7.700000E+0	4.277088E+5	7.006044E+3
1.300000E+0	4.285048E+5	7.960053E+2
2.300000E+0	4.285598E+5	5.500039E+1
1.150000E+1	4.306128E+5	2.053013E+3
3.400000E+0	4.307228E+5	1.100008E+2
5.600000E+0	4.311758E+5	4.530028E+2
5.500000E+0	4.331499E+5	1.974013E+3
2.200000E+0	4.345089E+5	1.359009E+3
8.400000E+0	4.357359E+5	1.227007E+3
1.100000E+0	4.359179E+5	1.820012E+2
4.500000E+0	4.370949E+5	1.177008E+3
9.000000E-1	4.410009E+5	3.906026E+3
2.100000E+0	4.433099E+5	2.309015E+3
1.700000E+0	4.471809E+5	3.871025E+3
5.000000E+0	4.477789E+5	5.980039E+2
3.400000E+0	4.492540E+5	1.475009E+3
1.400000E+0	4.534040E+5	4.150027E+3
8.700000E+0	4.539690E+5	5.650038E+2
1.100000E+0	4.546880E+5	7.190053E+2
1.100000E+0	4.574600E+5	2.772018E+3
1.300000E+0	4.580740E+5	6.140037E+2
5.100000E+0	4.580910E+5	1.699997E+1
2.000000E+0	4.592430E+5	1.152008E+3
3.200000E+0	4.598410E+5	5.980033E+2
1.100000E+0	4.621770E+5	2.336015E+3
2.300000E+0	4.624250E+5	2.480017E+2
7.000000E-1	4.710421E+5	8.617055E+3
2.100000E+0	4.746421E+5	3.600024E+3
6.000000E-1	4.758881E+5	1.246008E+3
1.100000E+0	4.762121E+5	3.240021E+2
1.600000E+0	4.815112E+5	5.299034E+3
2.500000E+0	4.831502E+5	1.639011E+3
6.000000E-1	4.846142E+5	1.464008E+3
3.500000E+0	4.872232E+5	2.609017E+3
1.500000E+0	4.880432E+5	8.200055E+2
1.200000E+0	4.896642E+5	1.621011E+3
1.000000E+0	4.916242E+5	1.960012E+3
5.400000E+0	4.917442E+5	1.200016E+2
2.800000E+0	4.935582E+5	1.814012E+3
4.100000E+0	4.969733E+5	3.415022E+3
7.100000E+0	5.038253E+5	6.852042E+3
4.600000E+0	5.061613E+5	2.336015E+3
1.600000E+0	5.090813E+5	2.920019E+3
2.100000E+0	5.131504E+5	4.069026E+3
4.200000E+0	5.144124E+5	1.262008E+3
1.100000E+0	5.154454E+5	1.033006E+3
1.700000E+0	5.164184E+5	9.730069E+2
4.900000E+0	5.168544E+5	4.360023E+2
9.500000E+0	5.182084E+5	1.354007E+3
2.300000E+0	5.185704E+5	3.620025E+2
2.900000E+0	5.194284E+5	8.580077E+2
2.300000E+0	5.220364E+5	2.608017E+3
2.800000E+0	5.258535E+5	3.817024E+3
1.500000E+0	5.270025E+5	1.149008E+3
0.000000E+0	5.290805E+5	2.078013E+3
5.900000E+0	5.301085E+5	1.028007E+3
7.700000E+0	5.330645E+5	2.956019E+3
1.000000E+0	5.335415E+5	4.770031E+2
0.000000E+0	5.419936E+5	8.452056E+3
3.100000E+0	5.435416E+5	1.548010E+3
7.000000E-1	5.440176E+5	4.760024E+2
3.000000E+0	5.442226E+5	2.050020E+2
5.300000E+0	5.446776E+5	4.550027E+2
6.000000E-1	5.463786E+5	1.701011E+3
1.100000E+0	5.486266E+5	2.248015E+3
3.700000E+0	5.523186E+5	3.692024E+3
3.600000E+0	5.527056E+5	3.870031E+2
2.000000E-1	5.530176E+5	3.120013E+2
3.900000E+0	5.543696E+5	1.352009E+3
2.400000E+0	5.607087E+5	6.339041E+3
9.000000E-1	5.616927E+5	9.840064E+2
8.800000E+0	5.622917E+5	5.990038E+2
1.400000E+0	5.629957E+5	7.040042E+2
2.100000E+0	5.641057E+5	1.110008E+3
4.900000E+0	5.647217E+5	6.160032E+2
7.700000E+0	5.727908E+5	8.069053E+3
2.300000E+0	5.741128E+5	1.322008E+3
1.400000E+0	5.759178E+5	1.805011E+3
4.100000E+0	5.762338E+5	3.160026E+2
3.400000E+0	5.774138E+5	1.180008E+3
4.600000E+0	5.815308E+5	4.117027E+3
2.200000E+0	5.816798E+5	1.490009E+2
3.100000E+0	5.823688E+5	6.890045E+2
2.300000E+0	5.831218E+5	7.530042E+2
2.600000E+0	5.838738E+5	7.520051E+2
2.100000E+0	5.853598E+5	1.486010E+3
9.000000E-1	5.858318E+5	4.720022E+2
5.700000E+0	5.863058E+5	4.740034E+2
1.900000E+0	5.863398E+5	3.400052E+1
9.000000E-1	5.900579E+5	3.718024E+3
7.000000E-1	5.915219E+5	1.464009E+3
1.500000E+0	5.938929E+5	2.371015E+3
1.000000E+0	5.940289E+5	1.360005E+2
9.000000E-1	5.941769E+5	1.480012E+2
1.600000E+0	5.964059E+5	2.229014E+3
1.100000E+0	5.964699E+5	6.400081E+1
2.000000E+0	6.025279E+5	6.058040E+3
1.600000E+0	6.039660E+5	1.438009E+3
2.100000E+0	6.043010E+5	3.350030E+2
2.400000E+0	6.106710E+5	6.370042E+3
3.200000E+0	6.113420E+5	6.710050E+2
0.000000E+0	6.134310E+5	2.089015E+3
3.200000E+0	6.150420E+5	1.611010E+3
2.400000E+0	6.165590E+5	1.517011E+3
9.000000E-1	6.202841E+5	3.725024E+3
2.500000E+0	6.243831E+5	4.099027E+3
0.000000E+0	6.265961E+5	2.213014E+3
1.000000E-1	6.289221E+5	2.326015E+3
9.000000E-1	6.331532E+5	4.231027E+3
3.300000E+0	6.333642E+5	2.110011E+2
3.600000E+0	6.363542E+5	2.990019E+3
2.800000E+0	6.387412E+5	2.387016E+3
2.400000E+0	6.406982E+5	1.957013E+3
4.500000E+0	6.432832E+5	2.585016E+3
5.200000E+0	6.463012E+5	3.018020E+3
3.900000E+0	6.512783E+5	4.977032E+3
1.700000E+0	6.524513E+5	1.173008E+3
6.300000E+0	6.547123E+5	2.261014E+3
3.500000E+0	6.565533E+5	1.841012E+3
5.500000E+0	6.566183E+5	6.500111E+1
3.200000E+0	6.627653E+5	6.147041E+3
5.300000E+0	6.672894E+5	4.524029E+3
3.400000E+0	6.677644E+5	4.750034E+2
3.400000E+0	6.683464E+5	5.820036E+2
1.100000E+0	6.692364E+5	8.900052E+2
2.900000E+0	6.707544E+5	1.518010E+3
1.500000E+0	6.709014E+5	1.470015E+2
3.500000E+0	6.736634E+5	2.762018E+3
9.000000E-1	6.748444E+5	1.181008E+3
9.000000E-1	6.760384E+5	1.194008E+3
6.300000E+0	6.778914E+5	1.853013E+3
8.000000E-1	6.788484E+5	9.570058E+2
9.000000E-1	6.807815E+5	1.933013E+3
1.300000E+0	6.810645E+5	2.830021E+2
7.300000E+0	6.823005E+5	1.236008E+3
2.100000E+0	6.868505E+5	4.550029E+3
4.300000E+0	6.890165E+5	2.166015E+3
1.100000E+0	6.904435E+5	1.427009E+3
1.200000E+0	6.906655E+5	2.220017E+2
1.900000E+0	6.920465E+5	1.381009E+3
4.900000E+0	6.936375E+5	1.591010E+3
6.000000E-1	6.942995E+5	6.620048E+2
0.000000E+0	6.955556E+5	1.256008E+3
3.500000E+0	6.991416E+5	3.586024E+3
6.600000E+0	6.992696E+5	1.280017E+2
1.100000E+0	7.024966E+5	3.227021E+3
1.300000E+0	7.031526E+5	6.560050E+2
1.000000E+0	7.061576E+5	3.005019E+3
1.900000E+0	7.069826E+5	8.250060E+2
1.300000E+0	7.076836E+5	7.010045E+2
1.900000E+0	7.077996E+5	1.160007E+2
1.300000E+0	7.135727E+5	5.773036E+3
7.000000E-1	7.137167E+5	1.440014E+2
1.070000E+1	7.172127E+5	3.496022E+3
1.100000E+0	7.188747E+5	1.662010E+3
5.100000E+0	7.192987E+5	4.240027E+2
1.200000E+0	7.238517E+5	4.553029E+3
2.300000E+0	7.258328E+5	1.981012E+3
9.100000E+0	7.263248E+5	4.920032E+2
1.100000E+0	7.263638E+5	3.900030E+1
1.900000E+0	7.292078E+5	2.844019E+3
6.000000E-1	7.323238E+5	3.116020E+3
1.200000E+0	7.337748E+5	1.451009E+3
2.800000E+0	7.362348E+5	2.460016E+3
2.500000E+0	7.383868E+5	2.152014E+3
1.000000E+0	7.403638E+5	1.977013E+3
9.000000E-1	7.433549E+5	2.991019E+3
1.000000E+0	7.436579E+5	3.030016E+2
2.100000E+0	7.437049E+5	4.700046E+1
1.800000E+0	7.478089E+5	4.104027E+3
1.900000E+0	7.483879E+5	5.790042E+2
2.600000E+0	7.492659E+5	8.780054E+2
2.900000E+0	7.611960E+5	1.193008E+4
4.300000E+0	7.617090E+5	5.130028E+2
8.000000E-1	7.649340E+5	3.225021E+3
2.200000E+0	7.663470E+5	1.413010E+3
2.200000E+0	7.684770E+5	2.130014E+3
2.000000E+0	7.688760E+5	3.990029E+2
9.100000E+0	7.702520E+5	1.376008E+3
1.200000E+0	7.725631E+5	2.311015E+3
7.800000E+0	7.787751E+5	6.212040E+3
1.000000E+0	7.818071E+5	3.032021E+3
0.000000E+0	7.822251E+5	4.180028E+2
7.000000E-1	7.872032E+5	4.978032E+3
1.030000E+1	7.877732E+5	5.700047E+2
6.100000E+0	7.878092E+5	3.600028E+1
0.000000E+0	7.915522E+5	3.743024E+3
2.600000E+0	7.923362E+5	7.840053E+2
7.300000E+0	7.946082E+5	2.272014E+3
6.400000E+0	7.953542E+5	7.460054E+2
1.800000E+0	8.010562E+5	5.702036E+3
1.300000E+0	8.070543E+5	5.998040E+3
4.000000E+0	8.080323E+5	9.780059E+2
6.000000E-1	8.095743E+5	1.542010E+3
6.700000E+0	8.124173E+5	2.843019E+3
7.000000E-1	8.125743E+5	1.570007E+2
5.300000E+0	8.136803E+5	1.106007E+3
3.000000E+0	8.163293E+5	2.649017E+3
9.900000E+0	8.216304E+5	5.301033E+3
3.000000E+0	8.274034E+5	5.773038E+3
9.000000E-1	8.294764E+5	2.073013E+3
2.900000E+0	8.312044E+5	1.728012E+3
8.000000E-1	8.328794E+5	1.675010E+3
4.300000E+0	8.336315E+5	7.520049E+2
1.300000E+0	8.351095E+5	1.478009E+3
5.000000E+0	8.368855E+5	1.776012E+3
0.000000E+0	8.382145E+5	1.329009E+3
6.000000E-1	8.463855E+5	8.171053E+3
1.000000E+0	8.514256E+5	5.040033E+3
2.600000E+0	8.530586E+5	1.633010E+3
1.900000E+0	8.568246E+5	3.766025E+3
3.200000E+0	8.588316E+5	2.007013E+3
3.300000E+0	8.612306E+5	2.399016E+3
1.200000E+0	8.615866E+5	3.560026E+2
2.800000E+0	8.623936E+5	8.070055E+2
1.060000E+1	8.629546E+5	5.610035E+2
1.300000E+0	8.640366E+5	1.082006E+3
2.700000E+0	8.653547E+5	1.318008E+3
1.100000E+0	8.670667E+5	1.712012E+3
2.100000E+0	8.692707E+5	2.204014E+3
9.000000E-1	8.720157E+5	2.745018E+3
2.200000E+0	8.729907E+5	9.750068E+2
9.200000E+0	8.766367E+5	3.646024E+3
1.400000E+0	8.769897E+5	3.530015E+2
1.100000E+0	8.802448E+5	3.255021E+3
8.000000E-1	8.818298E+5	1.585011E+3
8.000000E-1	8.822818E+5	4.520027E+2
0.000000E+0	8.822848E+5	3.000173E+0
0.000000E+0	8.822888E+5	4.000564E+0
0.000000E+0	8.822948E+5	5.999766E+0
0.000000E+0	8.823088E+5	1.399990E+1
0.000000E+0	8.823198E+5	1.099967E+1
0.000000E+0	8.823288E+5	9.000855E+0
0.000000E+0	8.823318E+5	3.000174E+0
0.000000E+0	8.823368E+5	4.999954E+0
0.000000E+0	8.823398E+5	2.999175E+0
0.000000E+0	8.823448E+5	5.000167E+0
1.000000E-1	8.823578E+5	1.300045E+1
6.000000E-1	8.823608E+5	3.000174E+0
0.000000E+0	8.823658E+5	4.999955E+0
0.000000E+0	8.823688E+5	3.000174E+0
0.000000E+0	8.823718E+5	2.999836E+0
0.000000E+0	8.823748E+5	3.000173E+0
0.000000E+0	8.823818E+5	6.999974E+0
0.000000E+0	8.823918E+5	9.999907E+0
0.000000E+0	8.823958E+5	3.999565E+0
0.000000E+0	8.824028E+5	7.000737E+0
0.000000E+0	8.824078E+5	4.999955E+0
0.000000E+0	8.824118E+5	3.999565E+0
0.000000E+0	8.824178E+5	6.000797E+0
0.000000E+0	8.824218E+5	3.999566E+0
0.000000E+0	8.824268E+5	4.999946E+0
0.000000E+0	8.824318E+5	5.000486E+0
6.000000E-1	8.824378E+5	5.999351E+0
0.000000E+0	8.824468E+5	9.000524E+0
1.000000E-1	8.824548E+5	8.000132E+0
0.000000E+0	8.824598E+5	4.999958E+0
0.000000E+0	8.824718E+5	1.200010E+1
1.000000E-1	8.824748E+5	3.000175E+0
0.000000E+0	8.824778E+5	3.000175E+0
0.000000E+0	8.824878E+5	1.000092E+1
1.000000E-1	8.824918E+5	3.999002E+0
0.000000E+0	8.824958E+5	3.999567E+0
1.000000E-1	8.825338E+5	3.800052E+1
9.300000E+0	8.826958E+5	1.620015E+2
1.000000E+0	8.829918E+5	2.960014E+2
1.800000E+0	8.848958E+5	1.904013E+3
1.000000E+0	8.850938E+5	1.980014E+2
7.000000E-1	8.871128E+5	2.019014E+3
2.800000E+0	8.879808E+5	8.680058E+2
9.000000E-1	8.884598E+5	4.790025E+2
7.000000E-1	8.886948E+5	2.350015E+2
1.100000E+0	8.895228E+5	8.280057E+2
1.400000E+0	8.909028E+5	1.380009E+3
2.700000E+0	8.918018E+5	8.990066E+2
2.300000E+0	8.948599E+5	3.058020E+3
4.600000E+0	9.000539E+5	5.194034E+3
1.900000E+0	9.006859E+5	6.320042E+2
1.000000E+0	9.030059E+5	2.320015E+3
1.700000E+0	9.052299E+5	2.224015E+3
3.000000E+0	9.069019E+5	1.672011E+3
9.000000E-1	9.101960E+5	3.294022E+3
8.000000E-1	9.125730E+5	2.377016E+3
1.300000E+0	9.127030E+5	1.300005E+2
2.700000E+0	9.190420E+5	6.339042E+3
1.100000E+0	9.205530E+5	1.511010E+3
1.500000E+0	9.213050E+5	7.520042E+2
0.000000E+0	9.218930E+5	5.880046E+2
6.000000E-1	9.218970E+5	3.999565E+0
7.000000E-1	9.219070E+5	9.999682E+0
8.000000E-1	9.219840E+5	7.700113E+1
6.000000E-1	9.219890E+5	4.999956E+0
1.000000E-1	9.219930E+5	3.999490E+0
0.000000E+0	9.219970E+5	4.000564E+0
1.700000E+0	9.221250E+5	1.280008E+2
7.000000E-1	9.221350E+5	9.999910E+0
2.100000E+0	9.232710E+5	1.136007E+3
1.300000E+0	9.237550E+5	4.840032E+2
4.800000E+0	9.259391E+5	2.184015E+3
3.000000E-1	9.276191E+5	1.680011E+3
7.000000E-1	9.276231E+5	3.999567E+0
4.800000E+0	9.283181E+5	6.950055E+2
1.100000E+0	9.291181E+5	8.000047E+2
4.300000E+0	9.309721E+5	1.854012E+3
8.000000E-1	9.316721E+5	7.000042E+2
0.000000E+0	9.316751E+5	3.000174E+0
1.000000E-1	9.316781E+5	3.000368E+0
0.000000E+0	9.316821E+5	3.999566E+0
0.000000E+0	9.316871E+5	5.000543E+0
0.000000E+0	9.316901E+5	3.001174E+0
1.000000E-1	9.316931E+5	2.998418E+0
1.000000E-1	9.316981E+5	4.999957E+0
1.000000E-1	9.317021E+5	4.000566E+0
0.000000E+0	9.317091E+5	6.999741E+0
0.000000E+0	9.317121E+5	3.000175E+0
0.000000E+0	9.317181E+5	6.000348E+0
1.000000E-1	9.317211E+5	2.999276E+0
0.000000E+0	9.317291E+5	7.999949E+0
1.000000E+0	9.330921E+5	1.363009E+3
1.000000E+0	9.338561E+5	7.640051E+2
8.000000E-1	9.408502E+5	6.994045E+3
1.000000E+0	9.476862E+5	6.836044E+3
3.900000E+0	9.481472E+5	4.610038E+2
9.300000E+0	9.481772E+5	3.000033E+1
2.100000E+0	9.483322E+5	1.550010E+2
4.400000E+0	9.489292E+5	5.970043E+2
4.500000E+0	9.499752E+5	1.046007E+3
2.700000E+0	9.508892E+5	9.140059E+2
2.800000E+0	9.516812E+5	7.920048E+2
7.200000E+0	9.575223E+5	5.841039E+3
2.800000E+0	9.604593E+5	2.937020E+3
2.300000E+0	9.697543E+5	9.295061E+3
1.100000E+0	9.709013E+5	1.147007E+3
3.300000E+0	9.716494E+5	7.480044E+2
6.100000E+0	9.717784E+5	1.290011E+2
1.500000E+0	9.741994E+5	2.421015E+3
7.000000E-1	9.745334E+5	3.340025E+2
3.000000E+0	9.761774E+5	1.644012E+3
3.500000E+0	9.801924E+5	4.015026E+3
4.400000E+0	9.820274E+5	1.835012E+3
3.000000E+0	9.840624E+5	2.035013E+3
3.600000E+0	9.853864E+5	1.324008E+3
7.000000E-1	9.866565E+5	1.270009E+3
4.400000E+0	9.905525E+5	3.896026E+3
4.700000E+0	9.914745E+5	9.220066E+2
1.200000E+0	9.933345E+5	1.860012E+3
1.900000E+0	9.974035E+5	4.069026E+3
6.400000E+0	9.976215E+5	2.180014E+2
1.600000E+0	9.998105E+5	2.189015E+3
6.000000E-1	1.000030E+6	2.190012E+2
2.100000E+0	1.002517E+6	2.487015E+3
1.300000E+0	1.002935E+6	4.180027E+2
2.500000E+0	1.003832E+6	8.970059E+2
1.900000E+0	1.006795E+6	2.963019E+3
3.500000E+0	1.017562E+6	1.076707E+4
1.900000E+0	1.017961E+6	3.990023E+2
3.400000E+0	1.018802E+6	8.410053E+2
3.500000E+0	1.021231E+6	2.429015E+3
2.200000E+0	1.021701E+6	4.700030E+2
3.800000E+0	1.022654E+6	9.530059E+2
1.500000E+0	1.025571E+6	2.917019E+3
2.100000E+0	1.026140E+6	5.690028E+2
3.200000E+0	1.026744E+6	6.040048E+2
2.100000E+0	1.027674E+6	9.300056E+2
8.400000E+0	1.028511E+6	8.370053E+2
3.500000E+0	1.030804E+6	2.293014E+3
9.000000E-1	1.031487E+6	6.830044E+2
7.800000E+0	1.034563E+6	3.076019E+3
3.000000E+0	1.039717E+6	5.154033E+3
2.300000E+0	1.040869E+6	1.152008E+3
9.000000E-1	1.042456E+6	1.587010E+3
9.000000E-1	1.045259E+6	2.803019E+3
1.300000E+0	1.046969E+6	1.710010E+3
1.000000E+0	1.048608E+6	1.639011E+3
1.800000E+0	1.049338E+6	7.300050E+2
5.400000E+0	1.050294E+6	9.560059E+2
3.600000E+0	1.054309E+6	4.015026E+3
7.000000E-1	1.058903E+6	4.594030E+3
1.500000E+0	1.060006E+6	1.103007E+3
7.000000E-1	1.069392E+6	9.386059E+3
9.700000E+0	1.069672E+6	2.800014E+2
1.000000E+0	1.071268E+6	1.596011E+3
1.000000E+0	1.071901E+6	6.330049E+2
7.200000E+0	1.072129E+6	2.280002E+2
5.800000E+0	1.074460E+6	2.331015E+3
1.100000E+0	1.075960E+6	1.500009E+3
2.800000E+0	1.077204E+6	1.244008E+3
1.400000E+0	1.078994E+6	1.790012E+3
9.000000E-1	1.081522E+6	2.528016E+3
1.200000E+0	1.081550E+6	2.800042E+1
0.000000E+0	1.087298E+6	5.748036E+3
1.100000E+0	1.089528E+6	2.230014E+3
8.000000E-1	1.091024E+6	1.496009E+3
3.400000E+0	1.092423E+6	1.399009E+3
2.000000E+0	1.092597E+6	1.740010E+2
9.000000E-1	1.094698E+6	2.101012E+3
4.100000E+0	1.095304E+6	6.060038E+2
1.300000E+0	1.096012E+6	7.080043E+2
8.000000E-1	1.097296E+6	1.284009E+3
5.300000E+0	1.099237E+6	1.941012E+3
1.900000E+0	1.099750E+6	5.130030E+2
4.000000E+0	1.100959E+6	1.209008E+3
1.400000E+0	1.104322E+6	3.363022E+3
1.800000E+0	1.105980E+6	1.658011E+3
2.800000E+0	1.107283E+6	1.303008E+3
1.000000E+0	1.107823E+6	5.400034E+2
1.100000E+0	1.114026E+6	6.203039E+3
3.800000E+0	1.116825E+6	2.799017E+3
1.100000E+0	1.122671E+6	5.846037E+3
7.000000E-1	1.122997E+6	3.260019E+2
0.000000E+0	1.124972E+6	1.975013E+3
4.300000E+0	1.125691E+6	7.190049E+2
6.000000E+0	1.126280E+6	5.890035E+2
8.800000E+0	1.126789E+6	5.090034E+2
1.200000E+0	1.129759E+6	2.970020E+3
1.200000E+0	1.131216E+6	1.457009E+3
9.000000E-1	1.136969E+6	5.753038E+3
2.700000E+0	1.137648E+6	6.790046E+2
1.100000E+0	1.142832E+6	5.184033E+3
3.900000E+0	1.147119E+6	4.287028E+3
6.000000E-1	1.151292E+6	4.172026E+3
2.500000E+0	1.152383E+6	1.091006E+3
1.000000E+0	1.152685E+6	3.020018E+2
1.600000E+0	1.154716E+6	2.031014E+3
3.000000E+0	1.154889E+6	1.730004E+2
1.800000E+0	1.161654E+6	6.765043E+3
9.000000E-1	1.165494E+6	3.840024E+3
7.000000E-1	1.166206E+6	7.120046E+2
1.900000E+0	1.171239E+6	5.033033E+3
2.200000E+0	1.174689E+6	3.450021E+3
8.000000E-1	1.182841E+6	8.152051E+3
3.900000E+0	1.183170E+6	3.290017E+2
4.000000E+0	1.184311E+6	1.141007E+3
2.500000E+0	1.188170E+6	3.859025E+3
1.900000E+0	1.188925E+6	7.550047E+2
7.000000E-1	1.192517E+6	3.592023E+3
2.600000E+0	1.193695E+6	1.178007E+3
4.800000E+0	1.197541E+6	3.846024E+3
7.000000E-1	1.199318E+6	1.777011E+3
7.000000E-1	1.200093E+6	7.750051E+2
2.000000E+0	1.202407E+6	2.314015E+3
1.100000E+0	1.204436E+6	2.029012E+3
1.000000E-1	1.206045E+6	1.609011E+3
0.000000E+0	1.208692E+6	2.647016E+3
4.000000E+0	1.209368E+6	6.760054E+2
9.700000E+0	1.211029E+6	1.661012E+3
1.300000E+0	1.215120E+6	4.091031E+3
